0xa19960039c04e7708302bdbe25d1fdf4ac3116f5
0x3272e3b78347e71d5654b24091d63bf1a8f6f6db
0xeeade5a7275859a57e483393ec0766caaab5cf90
0xa121eefe30403df0fd09a782eb7b5ef2942c87a5
0xd9767066bbbf52a75499c761169485f74cf8721b
0x758aeb4ff703e1affeac4b80e67dded073c6b93d
0x4877352ca9327ac47fc6265c3abaaa3116f61a6c
0x6d24bf0c974ba2bba8f803fa101e7730e0a9c3f3
0x7452e6f475ba5694f1fc7504a2dd5798efce9ba1
0x0a443225f7ef7b602cbd42b01e767a702340e25e
0xf0a31aaa27c675f47b4dc221eda3bbc18aac6a9b
0x6e690a05377b020d7852e349c549c7f03e617f0b
0x11821424ec207cbd42006ba1387ff2fa9e50b653
0x36118ffb81dc7d92a9c0edb54bd68b5d6d662cfb
0xdc9623ba6ad2d33b7b9036a676f50967209fd332
0x7f6bf86e30561293d5ba6cba82708b31a861e2a4
0x3bb967679bbd6b1b3c2084d231d0a226fce08389
0xee0dfe0248fcb04734ab3373d01c89af9b5001c6
0x63c713a0b6bb6b754778f752341e18248c2b1df7
0xf13e30854d758723fdeb43129cfeff2f9da7de94
0x3a4e588206e953e1989a268024cafdd0a5bb07a7
0x3a9b7a5224e3d86f7dc464e4a173fe6ec5876a73
0xaedfd3f7b71c155131044e555e59a44b141dd3de
0xb168612840a4ec9a963f27b3cfd23f2e58722a91

0xad6f31394a6bc2b174534c9d7dd59996ce09bb7d
0x5e03fd6104ed10dc9a6a5f2d995f9be9fc1ceff8
0x3a9a1d3f04954aa8f793b4384b9beaacd54c2939
0xc2e823ee187f264e8607469fed7e92a7936388cb
0xbd4bfc5216a4832892ff686ae067739e09223f8e
0x91647480e2d0f43b393d6dc6071db180d1331b9e
0x68ef2ddd7fddb10accbaa0c2b65272648b65ad86
0x85dac966499c5f86c7db6e305d98884b4b7fe1cc
0xe5f2a53e3f9d52b6b3d39e89ade81eef9c8f1819
0x0f36dba814d8e7a0cfecace21a8cc7f229b370f2
0xdcb4d6fdcddbdb05330048ef483b676b61602220
0x97050b09d21ae1e2b557e9ff05915ee62880ee4e
0x888115e53c20a84b6ca37dfba811039a88dfb08c
0xe7d6564385e86f501b6d7c2c7dcd5499de6efd00
0xc166fe4154842d94c80d7abad44795865b6522d7
0x2feab8ce21431f5a90f31a9a1c77356a93bf6586
0xc406408a25f267c0a043529855ad256cb799a090
0xc5729c7a357f1600b77213906158e11ca82ae566
0xcbe5fbb475f07a190aec7ce8ba00f3f478dff723
0xc647bf7633619f4cf85546807f78b286bc1af229

0xb090f96217b418c97e980e4005fe634fd2b737b2
0x60ccf6925a8f45c0ce6a9655f50c8ea6ce33952a
0xb37ff94f78231b8b5e9a7e32f22ad408882784e7
0x69c20fc7ceefb54ed9184a0bde20d2d5866dd4c3
0x92746060ae79c94bf095abb47094b016401adc8b
0x2c3f585c9c0c9cb0dc4228d63632cafa148e4416
0x0dc11211fab254dd5425e5c0228fc9620d323016
0xe8a65e810f133bbdaffefa9f90be90c8d56a23b1
0x9bfe00c52d8c94a5b175be8e461914c5fcadd0ed
0x21f86143e20c7086bcdd4837fc7949804bc3a888
0xda58a4bd933a23679b1c979b955f1a988a809104
0x47219d34b791e0410ad21640980c6b9dc0899611
0xbe901266dff35ea39f2a7a5dabc2e6cc45778bfc
0x6ee55fe37bae880227472fb3dbc1fe11963df91d
0xeecac155fb1a089d2692cc685ba0ecc3cfa15629
0x1ad6ac71806509ad218f5246696d3388cc84bfcd
0x97da34678b354015d7ad5f04e888b63b7ffbced8
0xafdb9a90239ff6b9e0531a0e1ac0ad3f82cb945b
0x7478ad653fa917fe89eaeaf4064cd462c6335fa5
0xefe023aa11393e3df061e8be493dbfa77869f284
0x2748f17fa6932f0ebf053ace2a907cff9b9d8404
0x33af30775bc8413579d95e66fffb15366b5ac9af
0xd56835d541c837f554852f63a739bf2c0979338e
0xe0968684596d5a609c5ed00f3e49e4d57dcdb499
0x03dde88684aaac0b8139f637fee5f4850e7421c0
0x93af2043ea4a8b8f99ae11c600c61c4b3be15f0e
0xe307ba0820c0fc19ab83f3188adbc9e11298e59b
0x38910032d0feead5602d2f6ce6d131d44b4a98a0
0x8d3148e26bf2ce716fcb58460dc93aa964e7cf88
0x1d2b6d4bfd8c24e87ca2b62590f6225b4c4cff33
0xd357b82587e0165953343ea1862d038989950b95
0xa1113bbc7a3697ae22be61ec62f2f48d44611b67
0x02366b42492ebe0ca2463d0a61ab656a6386f19a

0xfecfdd0db641eebfd249e666af38e6a066c1a89a
0xb495ca1b55ee5e42d7f9a2e9a6ac7ea2a7e7c338
0x33caad34dc955022935c2204b9a4c19c87499d7f
0x879cdf63139b75ff04c909fce9fbe3aecee43123
0x3396438b4c11229629aa44fe570631ff7953445a
0xd389619f28740744df7faa82fad027f228c8e76e
0xcf82d08fc5ffddfed44462429c17c5f1d715f3f2
0x1470a080960d0a95cbd538abf43b257f9f521769
0x96cb85da6140bd65c4e5f36e3e8d3ab4a47c45b4
0x688c6923701b4fc414287226940b954d2d20133d
0x99f611ac89a827c98d7e8c0f1e9d657aa559e5dc
0x9c669ff4303ad97ea64f0527b34a737f1af0c7fe
0x28ef7a223b9a5b094d142a95e52a68ab6c342192
0xae749c409880348b1d44c9c2e3eb4f5907f3a2cf
0x389c7aee49f52b12ab3afa1fcb6bebbdd6c6b705
0xf5609ca8aa4b819dd6f1b1ff9f0e7b91cc6c87db
0x4a18524233bd4fea6ba97f634fc4875bf54c6044
0xb05816d88fabafc254ffb7e5ca7b957c92a73c8f
0xcdf34c77ef7e932d425026cff62888503c32f209
0xb2d17c07fb9f83e52e05fe71629a6a65c61e235f
0xfaac2c4b3778b8b46fc2c4a0ea770c52dd05c055
0x436d90bbb003ee29201ba29494d6c7d6c32d04a8
0xe9fbbde90e353e8746cf6217c14ee66cd737604d
0x36b428ebea5d3677adb7dc12aa7704100530f821
0x468b9ec7b0e205edbd8aecb9507df406ebf3c76d
0xe196bc5cea189cb8128faac44c5199489426220e
0xe561b37e16c5d6902376b85333874ab7a0d57d8c
0x5173f3cc3363705a9d0a09e4ed1bfbf9969a1b87
0x45eeeaadc0274576a8668bb01e28c1dc87f6e988
0x02ee08141c932d5b2a918bed7e11e6c9015c7625
0xe5b8bf05e0546c45ea6d6ab633c9843d75d78e93
0xe1937575f134e4a51c5390fc83e5bf6cef3df03b
0x43701819083944e07c21da49247c760f48009af8
0xa74b06720f508d6d8697cb354b4c139e617f20d8
0x6b59355fb03af9e1d5baa58493b3a5f0263083a8
0xb0b3aeb7696d9183db7dd9b7df6a5a1232695be6
0xcde8b5d97eeca3a803620bba5e49194e94157f6d
0xfd2db89dfb177fee20ec2e49acd826f27931897b
0x4141791c61fde9ebbf4d84dce114150d2779a5ab
0x2816a6ab1c6c3c7b6e5766739123943529fabfb1
0x3e065fc5ec022721e0befe56f3fa1473dffcac3f
0x69fb8a14a6dfbc666439ae3f54e60d2d363b19e9
0xcaf6a9a750754b6ad8666eb60421bc9725d0d150
0x84b64a48180c0271951c1e81736d5514e8478b20
0xf1f65f84856cc47fb8a52ba1d653482be28da94d
0xdc7147263be2db6fb39b49a9a0464808e4d3dddf
0x6e3dd4e21e8be393fd561c43b4a9afbf176412ea
0x182cf0fb0aa748ea01d1d994638f6db2a0158afe
0x98558794e5d2195c5a7d0e9bc502eeddf8688dd9
0x023f2b20a1cbf9198b203ce45f5d139119269cc5
0x5938ed40c4a42c4ed0adc71593db15889e815d28
0xce49ea273dacb9f2462aa95fa0046d385f2ba7b1
0x7a05c3b5b81d2bf88fa78590b0d851dd794f3cfd
0x34e8f97a021e79d497812e59344bc3ded01c889b
0xcd2169c15c01bd7c4fafb7858dadf2d94fbf08a4
0x3cf88ae076aa2a174a74aaf2a1624fbcbcc72f2e
0x5ba071eadeb8f97835066a820a5b24e44c2ebc23
0x5f6d388d64c228f278dcb346d53f407277113969
0x8456d00565962e9f24cd9688d78426acfb27f00b
0xbf012517493146a5a431b1169f687eeda2f5002f

0x468f11811dea6ce37a6be6faee59879205caebc5
0xf62c577fbf1cd302650f92b387d1a5205be3d228
0x68bd8761441f2be31f4703ca4e6fbc559f9df53c
0x56cb2aa085341f2f1feedfb13d9a4723d851c5da
0x133a4feb7ffc8060027c43805a06753eabd9ad9f
0x7c40d81ebea94ae73914dba68ce1587c7d577dc6
0xe79c61bf88e9d38fbeab5e724d03567d4091ada6
0x4858914eb66494414d83a57b031f57c232b6c59a
0x922b90d4700228ca278fe8e7c31823e2bc3b39a7
0x9950fbb363b6f87eba0c4916322640a96dbacf9c
0xc316ef557bc63bad2fa306a5a127d3ceeaf9d97f
0xc400179b1fbdb375df1f977a8e65fbb841771a0f
0xf656082c0da334c46774ddc384b636a336d6366b
0xc51265ae59dce814fe824f002d4880d6f41bf843
0xd1d40fd3b270228f344626a758b8abe9df1fe833
0x28d680ad0647015cb6376f9bc2a5892b1fcf687e
0x872ce14e1d75030069b656d62ef6c8502cc2daf8
0x88478cab9141c3473242901cc6c287289ce19f60
0x6cbd15ba0c7f138fba7a8c8a960620450877117d
0x9417141ac9db93fc367178d6469e46e8e72b63cd
0x85e817bc32782b3a588f5dd8f48117ba9814bdb2
0x7b4f5ed486b339ff8d1773aceef33915482ed4f2
0x9579f71e1f6d36a9674517de536af4fc587d78d9
0x159e6aa09c1903e9059197370b9ff7aa1ccb9967
0xe88d58551d625bd737c85ceb71a7db62ceadb71e
0x9850045e3baccaf8383d16519de7652ca9e0b93e
0x3dd80d540eaf868f2fa5ed0e0eca9f6b69937137
0x7911585ad9d6b9cddc7157954bd9d11e406b794e
0xd41f958bfe9f0fb8424b97c5130fa60124f79280
0x5df36f444f6974e8533a7e2bafe4d3d13d919565
0x6564faa3d5702e2dca5d88f02f813cd74943c5a8
0x614268aea1a2c23ffb455aadc199badbb0aa0cc5
0x4379d633e016d7a897b2a0983ae8df53f909c861
0x5a23c8b595583036fef475711131c4f1b3dac25a
0x0e9c864e1d7452cfe5914bf4d749df8c68933588
0x3fe85b774fe15389597a08130737ed7514c52c03
0x58112d362ab2f873e181b14e9a9157c93b72b18d
0xf08cafdea51b5080cf1a492425ff25e4dc5c6516
0x940db3d7f19e65b747e70211899b563982a44f91
0x960ae7799172bee24f67d7c310135d47213f990e
0x703cf3e85d408e9e56b98a92e47d0d0b771f2340
0xa2ff154102385ea5c672df20b39e38f17c8f1f94
0xb3d249df7bdb286fd86a722b9b5e8040f6aa415d
0xdd5b82fa588ae23fa3ea9c8713e710df498d6662
0x66772efdd1da6fa7cf261c67e1d297ae87f1545f
0x661815019a8a6ee594c06206fa2a5a96af972054
0x97c95b0110f1b58f1016dceb5b46261b50f2caf7
0xaa6ca4d4b034a03324748f60339e01197a723c93
0x68d9162920fb0e40434e573566797e41b6312669
0xea03cb14f059f47812b1f4af5167dcf1fe16aae9
0xdb974079065bf032ea172a6bbb706fe3a6186da3
0x7e8588773f24a520b4a64bb042b647e7e4abf884
0xdd0a97b39ed725f0f7cc36c75e4c6791b8e894c7
0xb601956b73f0041bb11d38dffbd13010a96346c8
0xc4f4ad0343ba0bc33166c0dca9bf18fd24eae119
0xf8bd043132dd77b8a25cab21f0eaa3428c8d5a45
0x0a412fe7443888158df08fab846db5cb6ecbd8d8

0x61bdd863e5d56066b2f7350cee09572c010ee0d5
0x4c0c00db1698f69dd1e64a48584a555ba7d663ce
0x758b6cf84510ddea069805eb45d149b965b455cd
0x82a3994f99ecb7764fe5c3ce502a7c49f83a5a80
0x248c71e697ecf02e12986b6c757d571bda4f0d3c
0x32b48052d11e588692d93b3505a0d58c10d4f146
0xfd3d803dfbe43765afc51f1a1a148222e6200f11
0x4f7dfa65ec9ec7ae299271ed6b7304f336895880
0xd60a2d64420af844fa87fb518db7ecc3daf784aa
0xcb95f28358d59f1768e140b41af65d45aee5ab20
0xd51f768c59104b7f7dde477dc2d1ee6ee87d190f
0xed0eccd6b919ef2cacbe2a7e7cf8a42875591ffd
0xa6e552ae382895963a954436dd3d996a705b13e7
0x3b122590b29c72a00c57c119cd20113bec4d792e
0x311ac640638a5ae3e70693b299a6dc8d5fb9fa1e
0xc097cf2ce04befcbdaa016032e52cce303ff1a66
0xb0e0a874ac92a18dcccde8ad946a7fc7387fb25a
0x1f99eaa06abb8918e8030c46eefdda8c713283d0
0x0e166a6734267548ff1f3775103a4aa500afefbc
0x98a27d3a355dd9638df068786a67f7a9fff87d45

0xd769fc1d3480b37f921da1528809b8503ab451f0
0xb0c837120de9744b91c941d4a3d55694ee9fabb5
0x5a1b77f06810723220ef470bc9ead023f57831f4
0x6c7e9cb543337391e2726d0d0d2df78c8bbb2f6a
0x9fab970ddb0989fad05caa65a1bce14b05abfd7b
0xd31417462e36b684a13bb5a298f4a4a511502e70
0x57ca4640bbeaaab7f3795e2f7a354fafffa270f3
0x2e6cbb5c74d768c16181be3d7bcdd5ae8ccb56ae
0x9803ef29f56dd1450d8b8d642e2a1353191d8b5e
0xdfc39d2486c8fed1d0d934b6936e10245c73188a
0xf0e1880899e7e8c21a2d83c139b68abe009a70aa
0x406dfbc0da7e7cc55fae0ae321fb20b3d90afb9f
0xbe853ab048c69fc47c89915842fc8f9c972320bc
0x99c5bf7151736251d1c976131b480b11f5113167
0x494e62f97d9fea0546d28516b90d6551841ceff1
0x29da7081fa996a8ac624d1b1feb4626c28a7ecaa
0xc7c951c0fa83c98e7684590ed01cd4eda2839b7c
0xd3b8163a18d575b5b458562481e9b2ce896dff7c
0xc1d587a9e8a2164293b1dc5c12ae9d308a612d98
0x9269715c4b52b63521d1c2f2b40fcbc736a3e63c
0x6f2677af703ef4b31fc117797b62c449c6f3f0db
0x7f0f0ea18671eac2cb0a2347dbee30a6ec5e6de0
0x3b679df6d7e93b2816c827650a8e9b0ee229f248
0x05eeecfbeeb9f8c685f3f8610e4a747a52526515
0x27f1cb730c1f2c5b3d11b2541682be4a0e7b7c7a
0x36c0b29dc3612bc588310d9d50ebbf21a638a77a
0x6f4d8bb11e975ff7cad0cfd9336e616284125142

0xc07e43dae5cc40aee4e7e9eca6ea6966a8ac6f1f
0x5beffc2d55ea3cf2ee9f0b2151ee22d1eb83499a
0x6e3beb825ea6e5c4e3b32c474a53bae0f18cc370
0x967cfda7eedf68f2cf496ffa4cacd57b2623fa6d
0x8cf30eaed751624b2377fabd7d44434dbee85669
0x66ec38bef62a8a63a2fbaaad08055b325a371b00
0x7ab133d3d729352106ee9aee12d0111aa98eb4a0
0x49447c89740f0fd8acf4f52bf927270798efdc8e
0xd08409fa47880badd68154f5b40defcde454c476
0x1cde3da4f937dcd6b53f57dd96e72cc3da909674
0x7cbf32a14c8b7c2e9e8fa39efaa1e5a46a9414ae
0x393c44677ada955cf8cc7ad54f7ad8b373a060af
0xd6e2d6c813d66fc82d69b524b53e6dfdfad4ea26
0x42e576430f64355158c3718d8fbb4a1baa163f80
0x5e1f91ad8e4fc24d933bfd346b49903f415a5e5d
0x501fdc52102fc594bf5fdac5b63a0e03d6a2e2c1
0x624f17209f372f028050fa0bd076944a4e950666
0xa1c2f0ea31b87cf70245eb879772212e20c3d3ad
0x1636a4a63fb42645426d448f6af52de2335db42a
0x5ed35cc79a216ac4a5e5ac29f5a2aa17e5c2b1f5
0xe9e166690de7d6b6107a73be9a2afd81e01b69da
0x3247304dd89cf431ed8689d1f8055553d21e6acd
0xe2b533e414b2ed550ae0a13a748911c28e911c6a
0x092a2496137f6b383ef6658fd7f83fb14da120dd
0x840e31604799e7ce20dc3d81ba48affaa2a88ad5
0xc7b58a05ba4b0ad5e88b876253eda27a8b0f29fa
0xc9d9cb6895545ac812e4f5932c091e4e239d3afb
0xb9dba767fcb189cbc511f794dc876c7c0fe79ec2
0x7df042fc7720f2c6410a4d85866286414fbe1446
0x9bf34b0b1f194c5498d9834b3e2a55f601442e70
0x1335a7d421e591464b40e0b8dea5e335e97aeb0b
0x929a8ccf429b08fa21b46170c4ba380ace83b276
0x1ede26b1345597f27fc0aff6a6839c3b41a1dfa7
0x95b676bdb8a31570eb974cd672347d04e9d0b976
0xe210e20eccb76fbeaaeefa582e42db54e66aed51
0xab21378615b8f2a1c76d75dfb81f95a543eb5a11
0x06996eaa9f6f89d1dc37002c93a6b9e9273acc48
0xa34fa4e1046bf04a9dd7dae08080fc81c50d6165
0x4f633582a90f349b9c541a6bec23b30585b3e982
0x0072ad97f1523829909ca96aa32748ca79681b33
0xb8b642d5abb2fe48283b68f8d708049b43b3c53e
0xa791983c4ee376817a1765a93b832d4bc38235db
0xaf95194f5b9502afe04939360ba3e3d253c7ff0c
0x2550913d7da86e2842c2bb6b6eafc9d82f46b55e
0xd87070dd6511db37d1a293cd8ed2df3230fca44c
0x9af56efbb1bb451c71ecf7c339c268854de0030b
0xb5d48ef56cdf4ecbc9072f2ef7fe2aa02d3aee9c
0x7b927ce8749bde300fd62bb0e98af1b1e69b9e4f
0x8a0ee778f2bf47f6d04d0b0b41be1e9e207811bd
0xcecb8870cf37dcd769ada954d5d5cd55e56d08d8
0xe30ff005c9ba4120f308d4f0701fd9812cd2ed84
0x3f4c6eba51ddc20fee44db9df51540fec25eb3d2
0x95947372aa099bdcb4495fbcd495cd96b59d2590
0x66f49abca94d86805c6e1aa2741375de824a77c4

0x409dde45c1071d67f22a385acc4b1192be83cb8c
0xf66ff918f93469fe160ce36623f3901063c606c6
0x984d0dbf6e4ea0b5ed7cdc6013f996ebfa8a280c
0x87111567f7a32a9dfc5b9118c8e7289aa1721a7a
0x730db0c1da0915b6756bccd7462463ef64b5bd06
0x2eec9ce3733019aa34a548d6f5f98783b8997c38
0x2369338855b76e023c33abd9b3444a9796408e45
0x415adaeeef552a124c259900da5ec97dd3c23c10
0x0fc43226a9d4c8fa729fb99db434fb3673a38a50
0x5755a9330cb5535216994eb5d709f666a40ca03d
0x2f1f95081ec45d039a45a2694e8ac82ad7808f12
0xd2f07ed40c8396ef62e984f4da4ca1e5b7c2969c
0x2719322ed966132ddd0b466409aefa5ce50f1311
0x539ae840f53c41311139c54f325639e5c27a60b5
0xeaba4ac2c04c648ea6d922082671ae5ed1bc09b9
0xd4bc7479044056d1f30b8cabf7f86d2251b9e904
0xe221ff780bc8922288308a74546c5ff612417da5
0xbfa414da3c1b15e9690420498518c7f962d49d45
0x4f4426cd8746a55fe1c1f7c133178e8f8b6a21be
0xb02a6d94358b4bdc17b14de68e28372e79e597f1
0xb6466847df98eff4fad9019c553808ba4594212f
0x36209f390202849be84fc593954f6e484ea910bf
0x9070fdc4be3a3a7a7503eaedadfb9c35f758726d
0x5e3344e913f719858c18b6ac41bf372c0b411514
0xf60bed0e492bd24011efa51a99718147dbdeb92a
0x82ffe29d821b12e95dbc8084aaadbd52d99af635
0x3cb6f248fa718394be5ae004232b43e317cfae38
0xea67d0e53721d000009e02b25fac942d03a8f643
0xa678a735f5fb8fc68dd613fb554e5b345516a690
0x66464f3ca7d43eccd4ed3b3bca4e410480f401e0
0x8a77ec5b439398af30e0be937d9629bb39ba8911
0x054488be827f97faf67a54fca8693abdddf98b27
0xf271a222aad0e539284f373a563d6c0accf459bd
0xf5c7bea7e61a54f4d018c02e1ef4402fd21755af
0x41bcaf78b9d79b67874df8fa5ccaf0935d7d1622
0x0381dd6001fadc56d28996f3a3627301f6389a5c
0x6756b793f359cc897f6a1fbc66a2d4cccbaa4d07
0x71fd847e6171f808781b44c6d0338861261a0174
0x883709be52c121d84fc6b86a8025330fca2e2481
0x6301e715e664decb503378e97043d43324ca9daf
0x64c507a9bab15e69414f1997b6073ea53afdcded
0xbfec69babaf319d3e62252c4cb4cad8052b66b76
0x70bb59bea8c71e03f7f1aa2bec33be4fd5807dc4
0xfe9a53c398bde2c3117628392dc39ec5484cba22
0x657932fc6bc879857fff9b7210b53f1b716d1e59
0x20a4b8665671c6f081b18d679ae7acd1ad95d604
0x50f903321db731d5102fd479f5ef177699b88911
0xd43e17691ddfd874a0cca1822ead734073fe6b11
0x82b5b9eb3f6c7f8e27644a728a9d7b1213c45c50
0xa1d5581cb848fba959acd44de2b30319649ddb4b
0xd74a794cbec05f861bb6472a23d4d1f934402776
0xd3a7dbd0a6bc8b65b77e856d5343a993a4584f73
0xe4538f1e8d2c07b16dad27cdfc546a3e56c3b1ae
0xf21096dc02aa72aa910b11d1336697ab50a5569e
0x846736da8b56fc1bdce6bc5d0327fe4d2ad987d5
0xd5e0a12b4d8d88c06ea106e5cafb3d88d7d12cc8
0x1304c3d36f2c66d2a827861e7cb272439dde8c71
0x14f625f861ed3f03fec9e270b97ba7cc7dcdff7f
0xda3154cd24c0d87e6f0dd865ad44e44e6a5d9ce5
0x1d8e9df81b1edd3b0b190f5992fa4854563eb059
0xb449647ac86e43b30bb1a4fa30d770a748e02fcb
0x0aa09c098a410504cfc2485d220c1b62294a46d4
0xf99d054b8bfddaadbf1f70e9dcf7b12449c97428
0x2b378845ab6bd10ffee292b8310205009a4beb26
0xf109f55d215e09e8066795314a4fdb8e8f1a525d
0xd54ecadef52afd65cd688efec7d674ebe12aefae
0x250c3e389f2aa56d300e550986d4b33c8c63c08c
0x86e5dc875635d662a065c651f432fff4ab9b0897
0x382baa61f2bcd18d57bef26225f89f45d3677e3c
0xe7375faf9c18224627bfaded4f80ef3792865763
0xfab444bd70fa54d0094138f6a6662ac4777650c0
0xfe57152f3fe5fda3a61ee245741475395a89c397
0x927c100a885fe5c541c609493f98a50e12894960
0xc3e701c5e5bf7d095846546fc71ba4b44d682a8b
0x3ba68f17d93fad80519e2a6e5eb40b71c0cc33f1

0x184fbd50ffd480586c1a99231edb97c55c0a7d4e
0xe2a4ca0642a63f91850fe2af1b3279921c5e9075
0x3230306381859849d6301fb75541067afebd6c3d
0x5202d89d4ce39e1e4992ef2cfd40a46f5894ef1c
0x3da71ed03322c743ef57e260e2b4c039da4524d8
0x874198977b3fc5def41cfd241e7724f3169b201e
0x40acdc415c014134542df5fd4740c38974d04333
0x4c4dfc9e0352ab58ae26a10b1e696405f362e582
0x0cf6c763831ad7560dd5d210b290d674feb49a4a
0x98e9f6f2d4f7e547498c21c2e7eb8ae2a635ec43
0x1d6a48458f785594a3c1cb28fda36ade9ce5b32e
0x9f5a35dea35681b2fdabf4dd79d31e4b3a36b73b
0xd81124d3ee91df70b2f14d8f6c87e7d870b198c8
0x224f7f084eee6a6fe0860d87743155f1ba63c957
0x408ac7ba25a7216b44fad9c40622d93f4f5e2e97
0xabb21372a73d8cf24e967322e7d2841ad66fe339
0x9654ec8f159ccd4fdcfa359131703d35a766ee17
0xa40ddf6097bafbd4107c53cdd37b2fde5405e408
0x863fce66f12156369ad7361070223f3eef67bf48
0x9a90e966d54865bd2ee6d55a14357c32dee4f602
0x0bc40422b82bba9dd4413d0d10d8a5743825075f
0xdaea866c97dfe6b156b11009fb7ed46160afb044
0x63e06705faa7999d70643fe0da1e3f243adf572c
0xf47c5fd2c3ecc0ada5b2a66e7d2476c31f32b628
0x9f2c56d9903d4f178beefa24cb957f8f8de8b2c4
0x21eda1ba71d968755344dc54a58bf156b9a5aa47
0xd13bc292cb39f35c4609c72ec9466e4f2230cd55
0x0fea40dfb781dfef18421558d1c33622f142cf5c
0xf351786a648584def47f1def6bc6bdeeb0421b89
0x22e91217edba303701ee0b28e5a4e92760e63081
0xcf8f861d67a8cfe61c5b5293478828b89ccce16e
0x2d8e23bf14e58d7cbf4e64ddad0c97c1f71b4861
0x311d2541a4d694fed98342abf9d314fd4102b01a
0xc97cf72ca61d33ba4af48e80e536ec12142a4cf0
0xf58700cf1bad28fdf09ae7ee0c17cdec92f63227
0x3b9c145dbaedf08cd8db74dc061d5ad38d939023
0xaa5fe53724542189959df2a80d6e60b9b8967287

0x516bebd81d9d91047be0f8c806117cd384473b0e
0x6a2e2bc20e7fbdea223b263e3de41b8ff30320b3
0x13ac51d4df53a6ddf1ed91d7fc2142db958aabfa
0xceacdf623254c45f5fadf4e3e2bb4b585f1aa5e7
0x8e5eafc3a16c7736147ab2dd22705ddbcc3cb45b
0x05037d67c003613db87b19cb32e28db226be059c
0xe4faeff5fc79a1e007bfef41398a5eb8bde252b0
0xb8e62b9ca765e9c2aed2465d82e6d5cb5c27d348
0x7b738e2c0b58800a1afb0ceeb9ff1d8f4ca62379
0x08cf6dce57920100e973d808676621f9942cade6
0x68eb5456cb8a75b07640620eb289fa5c78fb44c9
0x49e0d2847c36c30f3d99d01d8f61baf42a6cdaea
0x4066cad6724cf2bbb20541c2d927bab5fc426d0a
0xfb4d631cc0a7892ea08c9ecce952eddc07a4c7a3
0xf960d59287bcb7598c80c479606d7aa1838dab19
0x562564630ad6ad5f7e9a24c6a44ea4fbeea9c53b
0x0b2c2dc7fdb50f9355e69aa00ab5acc42058103e
0x9654d1ac15a24a15ea0168535f1e3415bc29578d
0x1bda5eec06bf8c1eb9841be9a437106563737ec5
0xaa341c2224e1151ed756cc9eeda80905ad44e0ac
0xb7a2dee46c6a36dcf676a73fb85e860a2e682f19
0x742dade2aed9dbc46742f6f5ebac4335c727e6df
0x130e0c5722c1740b66617997a5f439bf0e277c8a
0x8b8d6617d359668958d5910e3066a4419df85834
0x8e1b66bbaba9eb3657409d7fbb35b2db56dc481c
0x0d9c2e9dbcac3f90d98579a3d7042862fae181dc
0x6db6f1273b414fd18cdd10630c1c9d2f5410942f
0xb49c742f6137f9994e50f3046b3b83e3d963e331
0x0bbaade0a83870e978475b58d108f6a3d52936ba
0x48e8dede65082ecf24ce130a97729a7dc53444bb
0xf8c623b5092b3030aba4230aa7e8f70dd4f5a332
0x511097b6d5963759a41be5b888ee603b70f51439
0x21075280aade2758061e82a57d908e24b15dd5a9
0x62349116a1ea92eb3a1f82ce0f9870734d818780
0x6c348d6f22df097f4cb14e797c756dd5a1509c5e
0xc710facc344fd0630bd3d7f8bb84e5395aec10e5
0xd0e49a43abca27857f24e37b2f1dcb8ffbe83c31
0x0f2293d539d235457f43d91133430e691a927808
0xa1f9a85e7c19af079e4e5d70d7602e221b506b3f
0xc045afdc7eebf5c2086c7f963e7a89b6b613b935
0x43dc88a630703760c97ce87ccc94af6ba517e21f
0x1175835823654a098023a6cea8d47595fa116790
0xbad0764ddb46ee344810194f09cdf5f526adc3ad
0xe99d2c8e0ad0b92753bf1aa89387fd5db4ae9b25
0x7cc1a36c6ad17522d302262e4db2228151c46834
0x66bbecfb3b37a965cac5e113be56c51559764fd4
0xadabb2283843b5fad9fb8bbba83825fbcb037352
0xa2400eb04923ca5e59343f750fa9271cd5517ec4
0x8396e6ca931c3758ffec00d749da3d5f8e1638c3
0xce5aafe52e42707adb4ba7becde31f0199cf053f
0x03968a57e918d2f94c93491bbd9835f0c5fe5e27
0x1bf6af7d4bec09fd41f36a3e5dcf9c8f1679afd8
0x477dd19b768e3b413dbf97f44803b7223f88280e
0xd8daa8a6f99f00aead4b26aff5a34fbe47f22828
0x96e6b9540276d013b03bf8b0eacfb6066bd56136
0x418147b463b879720d686aba4d0994d6a4759b80

0xc60263e891c30e90bc282b8bc9fba904405d3854
0xf9d6146e167c762e455d42c9be9e17245920fa4c
0x43c07c67b2c7be0feee129f672c75b23132b801a
0x43681b73ad5d534ef9f376695a0158c7f1048e73
0x7d04bd19de61eebd745172a86231dc01b3e07852
0x3f687c236d7503c87d38608a868b8a5ee2b9a586
0x46501f3f497fe2417c00d6a8e8f29af611f36599
0xbb1974056259d1677fd463a8e199c869623adad0
0x6530ce0649d2336dbfe4d4a044f16c7bfbe4a97a
0x2c25e95924211a2c115540b1ea52955c0401dc8e
0x8028c52a3167d97f2a8e4396d333d443408ce623
0xe85e3a9704fdd25af3b95bfd9761f9cb46cd55ed
0xb28a5fd708c1c6844305f7f7c5b82c39e2cbf61f
0xea85d7879cbd70a7809532ff6652312ac03c2b14
0x76848bae2c275c946d38afff88e95bccde35f652
0x3060932e80c58004b329b46259a6e61e31a36cab
0x80d6048892178f5ec96804c3a2e95a2625cef368
0xaef5b0ee01358c830bec4a0ddcbad7cc63e9d2ca
0xa6c43edfee468e719f9311ee4619b7bcef501426
0xe7813ff05a39e3fe758f816b85937b79254a543a
0x4778e150d1ea9a6e81aaa855f3acf1311464e45c
0x3ed5552d0f5eba779842dd8385262c8555567d01
0xdaa80a64409f44cf93f1f80f5977729c1d44c676
0x2ad93e464bc545b30e9ec572f8af1fb9fb9c61c5
0x9686fcfdc3e1bff7765ddcd7020268ec8f8b93f8
0x2acdc515041fe9bd87cea016d4ee4853c62225d9
0x40ee755be2aeb4648d9d6bba3297b967c263b3e6
0xcf2ab1e91307cf601a257001029d10a5d83cdf9a
0xa4ad7422d96fb03ceffa566541a4e2cc71935425
0x0026ce635b36e4202eba629b922496826c632c13
0x5df54991532c0de0cd3b571c02f178295ffe09f3
0xd1ee56ae81ddfa8f86d42c6961311fc3854594ec
0xdb39e77a2d817450ecc329ce8d6aca71702b0262
0xb920ae4c5a649e1ca94ef0ec5f54e01a5a42e3c0
0x1a390a5ade90ebe115faec67668d2eba5de1f1c0
0x5bf1ffb396eb371e9f2116dae759bf4443f55475
0x982f218943ac1f451e9cc35dbdae6ac3acc05f6b
0x17524051abeb19224b196f9db513b24782ac70f3
0xf189756056a5cc53d01f1f54907f1c74d7acbc34
0x7b9db8be2e1cabbb9e8dd3314c69a1aef3c33c59
0x3f3a825d55c880daaf6f9a44d9bb1ca7a025621c
0x4daa9a8cea31cec4ba5a6b48fddd134bc019d0e1
0xac468a0da4b95f965fdb8e2e8f53c5093d4789af
0x78f7eea2d50b946003d64eec106d5eaccf077b11
0x365407d03669a05ccc18a7ba9caa7380addb03c3
0x1d532082c37a98046ab4d941f60e5b0cc28793b4
0x097bf303222170dc3c6978841842470e757ee778
0x31501e7c731b32020c7bfccb3262bcb08fc7195d
0xc8a04a365d4a09fd69af6e692fe974e7a2aa83bd
0x437624d1dc844dd5da357c2d2c7ba357564c8424
0xe7982583188ab38601e6356924c901b39df70c05
0xbb6c9f2a96f69b9aee590c24cf5482ecd3de2b7d
0xdb5c42f997841dee92a31988b812c431988fb9a8
0x1eac15a90102e5ba680a009ec9d8c790b599becb
0xeaa9f5dde7c4cc691d6c5a7f0761529d6a0723be
0x3764e2da38b6a826d920f01db73508c17f936fbd
0xe329e838c9e84b5ab79e29060d055899fd618129
0xfecd841d6a5430efda38d012a6040c96bf32c0c1
0x8652f7a3b29f03149c6a59e31f80c4534ef3742c
0x637ed15a58db0923d6f3bc893aaa45f559d4507f
0x18d8c4ea8e380192b2a6428c445372bb45cba86b
0xcbe24e26442e38fc365be98f21157c843f18dcf2
0xaba92f97d0004a1216f7a90a6d552ea519e7661b
0x4e10fda063776c96bf9250aae8f546e23341110f
0x841b05c3dbaeffe6d4615197274af6a45f9bc400
0xda0f305a01e3ebe719a4b90c16ae17b6a8182a64
0x94ba3e20b93a7a0978591180add7ec201d7e5fda
0x48a18dbde7fd652dc6ab61f1bd56072255ecbad5
0x7f672961e00299c529bc8b7402d3585e2cc44a0d
0x4cad531619406893205d32128d5301ef1a4e3ee8
0x945198d1959ca21310cb9527f5c835f774b240c2
0x42a2b978ece241696afb220cd7f9e8501fc6a05b
0x0336a39ee6dc522dae2419b1ad44ba5af624ccf6
0x8176180fbac549d27f0deb8caae1204e7d91b4dd
0xc16ec608114fe92736e038225e13b233ac03d680
0x8acd4504515c16bce13563a2be2e74a395fd7b5d
0x05707f7f00776e52ce60d201b3410faa6c221094
0x30d1fa7950507adf58c4e6bd6e9370ced6606a88
0xaa7539e573e559bc0483f27ec76535f8646ca056
0xbfd689a02a58cb8beada924d9a9cbc1673b358fb
0xcebb7ed0535612ea08762b397f1e75965c239b1e
0xd65d0203bed12214b6bff495c68af7ea8c86e3f5
0x6506a6e2b6ab4c25ead1b7b052aa82ec95c8a006
0x0924d8f6f6ef2673cd0bc33eda6d02e3ae370e5a
0x5a89f90d310aaa289d09cef1dd401d7cddbe9cd4
0xa121c14a85c83290e0e279f237fbc2404a7b8555
0x958b0a8fe5753c49fac7b8d3efbcf14c794feeb5
0x497ece50ee64c38c34529132cfba37d8aef4c3a1
0x1d92668b61002adee40a23b43077c41aa5263bde
0x3edc848bce8dc8af071f1400a1f79ee587667462
0xfafc0c2b171d70b46ed14bcd144a4c80ae23c788
0xa2d4105352589cc7d617543b0a2efdcbaf52753a
0x27a330745ac70723949ef3d27ca0fa9e8aefda10
0x3d331fece194eb30a0ef7198236217b3fa62843f
0xa3cf0f7533c4df84cbd5ef6384fbcd1a0fe3fa41

0x0b33b8b05c0b0ce71cbec75a306159adfedf6201
0x5a087cfb86d9833f8ade192d6edad92268751f7b
0xeb5a1315fc867bead3741320f5752628db42c7e5
0xf9dbb259634058026cfaf6f49e8a54755f33aa37
0x4851146da5fa48165f366864980724cfeff4c878
0x2885f6ec9617c502c93547c95d235ffb14b0b076
0xd0c0ca92d23e06b0b02383d4f53248c5cdb6ce86
0x80d65182fdab3276e4e5624263b34e8daea762ed
0x9c1d8886e6140468568aca8cdfe07affbdf5d063
0xb6c3b52565075b17a99e40fa00f304b5b7ca1692
0x81d4f3f6ab1c7b63e1376c33add2fbd976b59b9e
0xb7e9753cc89560006ab8eefa499a72367efe5de3
0x26da2700a4f8d7a07d92309800bfc04993262007
0xfc995b61f8a6b5d512cf124d3d0a0900cfbf8078
0x92e1d1217eadf34ca9058722e6e5f89909c56911
0x2d0d2fc4e1f84d71490865d29478ec5771ec99bc

0x2e9e34022cebf3a43b99fd36d1de2a0348aa274f
0xcf3e16ddedebd3f3d9f090cdb742a0d96a70d194
0xb70544b39c05c9cbdcf4af817df6ab1e632d646f
0xf6a2cbedd3447738ae9bb1cce036a55f33790462
0x7a00d60b4e03c2e8c1441bfec1eceb05a88801ed
0xf6ad94285d2f6706f43c0ecc9957fa46c91d83e1
0xdb652d004dffef5e4a8ac50555831baff7580266
0xe132e0106fc03464c0e5b6403ebc5d550f1f7f3c
0xbb6b9176b0185ad146eeb8c9194c0e1ae43f272b
0x8d0ba431386f13b9616d8bc50b488e3b78d4ff90
0x3567673e8b83e6a11f7f262ffd293b590dc2e3c8
0x60e0b503a3530cffa8e61d6eafec36a278447f41
0xbdb9f7d3f1f12e8047629b1406eeaaf475fac1d7
0xb6e0dfe664cddd4e8e15538451cfda6cf5c79f6a
0xf9e7c5507aa4c8e8e9dac029c37b3eb0fa16053a
0x624afd68e1df97a4dab1a674b49203a8ba3b1b19
0x1b3fb46f46e90865085d999917ff632fc1a8dbe1
0x4dc681abc7e41de7bcdd8516f01b0765b5a03eea
0x79bc2fc2ce282ba99b0f352033682ccefa1483a9
0xd24f9e6ecfff9a1dc8110e11f21921839d4fffa3
0x9213917c46432a2f986dd67ef8ed70015d81162b
0xaf02dccb9941a1646cadb9fb8a8fd60e87fb81e9
0xb5243a2f44abedfe1dbd7efb1eb1bf0ec0c8c35d
0xd5384c28aaaf27ba7e9cbf3680f2a473bd8e4432
0x851dba7ecdf05a318e137b0c78e8b739e8d9a107
0xc46f15a0fad6c83cb8f64441319fcdb9165ed44a
0x093e6f09630e369f77c1cb7a0032d3972e35678c
0x9d3e979e7ae119ee872042eaf12ae33579e34c17
0xce3e35559bcc46c29d8631da56b95f825a8e30cc
0x6ca692c5d3e775f9371036df160cc679fdd67050
0xb3e09137c90f31fd86b6a94227e750924008932a
0x9fcbef865e229b3f5c52a1cdea0a9e847f4cba61
0x53dd68143cdf38246cc730b72249ded7e8793437

0x9ede211bed55221a46f37cd9d03ff6a5ee761942
0x0a829ff8c9e6d160391467fab73685021882980d
0xf1da714e22fb92199baa84698055e05c6b54aa9f
0x91cc43f01dd904f0d69c550ee0592f9380abf916
0xfb9333bfe432beb5c1cde9a875c53f4d1b18b860
0x1f7578fe20043156b8b7403979709cbcb287a3bd
0x61921e72cc41ffbc87bd680f7a1d9b43c4fdf13c
0xa79ad7009bf64c1ccf68c8e6a305313df5848085
0xce2ddb463a477253d18ba2adcf7642078c05f699
0xdb86538be79ab4b448aba6fe4575cacf98fbe6a4
0x36a3d641d75e62b7ae8aa7cc0b4538abba4fb36d
0xba500ea4fe161d123f084e10c52cd922f4f6dbb0
0xbf6e7662bc0ee3a97293cd2ca5228cd984911299
0x638da501e7fdb7603bc779bd4db3aff371a4d077
0x5ffb76395b72ce8e6d2908f006a602734fd233cd
0xefde1e1cfb0faac74269473572f879f66b911ae0
0xcf46d6b3bca3ed0455bb65e2f18a3345efddd3cb
0x07c5b44ba7d65eb87902558bf0d0f98c794211bf
0x9820b3d25e72f7b3a4ccffbcb4bfd06294d19664
0x3953913634dc925053c6e5afa82d87a2a5ed1586

0x539c936c075cee9e46cdb3d857c1dc549feca0d7
0x705ec2039a269904add133b1ad300692b7cfedc9
0x05b41ad8a3a6c6c9cd7211bd71f197982e6e77c8
0x19de8efead78f9b06f8523d5ceacb6f5ce9bc8ee
0xff593139e2ba94f549172b65c9193e348f1f37d0
0x7ab6efd57957ceb78c388a99948504007c754771
0xdfa2655f7d02ff35dd0438e2924959eb191445d6
0x8f48fadb6932e1f53a7c117f5d9591cbb84a8579
0x62564f8759718d3b98f789b0b4de52e66e9ab64c
0x69e32b163738ebe7895998a9d2bc6e90219640fc
0xe6bd2eff615bb2be087433ba078efa9ee88d0460
0x0a9038457e2212c99ff8336890fd8b15caeff7c4
0x217f618794b55566ecbf85067e05d5ae85563ffd
0x236f7646f72da4fab883c5f74537cb097e0d7cdc
0xaea2f5cde4c78cecadfe215e34f496b8ee1acfa2
0x5387113f87d1514140e3a45e73043e3b7fd3673e
0xbbf0072d2f45aa0bc7b6e665937ddad0c072ebb1
0x52fcc96ad61f1bb5a581a8f45d4788749a8555e1
0x9df46e11ac20b3f02cf1e1fb938af6434fa7088a
0x9de6264fee71034720e18e795d7ffe42128a10a5
0xbfdc8530c6c391ee3f805f59c759b1ed7b802eec
0x4a3c45bfc140298ee97ee44e3ecb3e009d3c76bc
0x9e2e5228af98725f13633876b2c994dc5c2f72b9
0xbfe4b37e182bcc7ba21bfed70addcbcc3a1f10a9
0x7cb98218d58d601ab9cf531b4ceaa8ef46bd4d1a
0xd4c8676fe600285306d668b06531d80119e1dff5
0x927024ddba5bd05598252b1a70c04bcacf16a970
0x16d3580f7cfaf68a6b86ac8a9bfc17230431222a
0xa7fb4af7017bc886c012ef26c7899e5fd3303849
0x3df7df2fbf94e126592d679cfd8907e2c0f75d30
0xcc0675761e7068628175de1b40038f9480f52991
0x4c3079da29c6da89e376449722f85517435a4ab1
0x2044ebbedbf1cfc8dc9e1ac8f69eeea0ad1e9a0a
0x32485c826aa895097c27312137c4b0f96b7a0610
0x0a0c4972dc82e9f91e0f9ecdb0728a250b6da2ca
0xfb310c5f8a27b95963c35ad9a5eba41f71294d10
0xc5958eee05299931e5ae909545c20562b0c1b613
0xadf47858a225e9336f18f62b376f508879a1e199
0xfb5587a639a0001cf151f47edc0c75cc5c69d580
0x30bbb7e75e5896a9178611f07c5e6ac2e12c511e
0x9714e39ab0b43334e7bb288aad9f43167ac98cf8
0x51ddc4cabc88947894460b7b39d7b3f1b6dfb77b
0x3d2283376ecc9838ce0c1a8406f4207b8181a89b
0xbd2a8ddf0709f1884f9a42e3ffd44f4e52197531
0x3fa1649cf2252753d26ab016d6798a3cff726c55
0x14df1f0fecc09a0d320ab77745314b5b9877b813
0x1629422b54c8b18f895f0d9cbca136e87f60ac41
0xf691110dd8733dfb8c561ab5076d0d62563df4b9
0x03545a5ec8924e06498e790dfbc0196fe51cfaa5

0x4253b6e79eeb3b39f7f837f00a551b96785b0b34
0xa2a00b08bfe5645bb570fa26ef3a94e43d23d54a
0x2e09ed93247d226cf659ac9ca52e4ecd075e0e63
0xbf820bf147a8a0b353ebf1afb9227be4450f5583
0x0580f50aaa2012ad727ffb822309ba93d74c88a2
0x85b3fbcec339c4a7711e7cfac5583932705f6598
0x9bda7b637bc3b938930222f859a01d39509d604d
0x1b40e025ae325dff8d7acc18ac0285f23bb86017
0x8c52826befb1fa82e5a8f0fa4e2eb85eb84aa7a1
0x2dddac58b6605557440d3209e8d2ef2d3045f697
0x15cbb730c7f92d4ce0fe0a511b538e6e738015e0
0xe279d8c9cace0d0f031558ad5821864bee2653dd
0x39d0f1b4f70ff03ae5fae3e7b70eed3dc1eb9f79
0x62de918c073e66dcebe9cd1122a97ceb3bf81a4c
0x418b174d48fc70f7422eff2e35eafe20652052a1
0x51dee851331e2f3cc48c65471b72cfa5e2b9226e
0x9a920e53e52da28541a2abf312244da16b752c9a
0x2d9e0a3666dd5e3c8b0395274e072d5c5b35236b
0x8fb867ed10579d5a8342efee6a7567bef86a939e
0xf66deaaa2a80579fa43c568b30e9096f34b1c93f
0x6d60f245f8fc10d375406d22068313c9aba4caed
0xc03a5d56347a849af2d89e77b129e08b9b7fa700
0xe2f57df29cd277a13cd5099a2a47f719020a5dd2
0xb814c9ecc35fd43f702852b9c4ec9799236bdc06
0x8d299f214ba6f1a5cc0e15c6d5fbe236b79ee10a
0xde6b054df28d6be0764696cac904ba4aea26e9ac
0xca2e618a0c918cd5da5bc9060e6dfb0cca90f8de
0x58137b851a010d6d8d91c9bd6587337f10dbc7fa
0xe186bf5fda4716abd5f27dc4268301f7ccd5693e
0xf1f04a23556923c70016b5867baec60f872d73a6
0xda33aa2ea486c7d89a33f6b55c9a60db7993a635
0xe9800f0866e9bc937e1ef91c2d0c1d8f413a2e84
0x0d6f4eb96268f14f6eb2dfe0d53155a274949155
0x10d476efa71342209a1c2f057d3a6abfce794f08
0x8a4390649869cf349b08f9800fce5c15c1fffe88
0xd855a04e3ab346b9fa7896815a821e40e0182043
0x6938a628b06163a20fab0f905f249a886326dd8b
0xda75fa41229159c53f76fac239c5a3cedd7ac4ce
0x7cb328512f7834b83dc2477d9eb06cc59c8e20e2
0x5be0d9a71cefc00fd175ff73e14bac5388de75cf
0x27702ca4fd560a8b0a9c7c2881aa278b56751746
0x42bd5df0fa2c4861d57f6859f6d8affb12effbe1
0xf02dc7bc2180b1dded7e44c034694f110aeece9c
0x15f2af637f8b557b3eb0515144005cc9d0fd93bb
0xdafe3825abefb1da9fdbb9e9ebac478f8b9c865f
0xd2f8c836474e02b9e486461fb95069c6254525e5
0xd4e1bc66f6bb2c3dea8030dce93a777237682021
0xee5ab67597ea5dd7a28611ce1684659130fcfc44
0x982523b1073eeeb7f7cca6aa3a0c4e5b534ac775

0x25282a53840db9aa52e24b0da5dbf417c896037a
0xecca12de1b6bc9523437e9d292c5fa7cf7c357f0
0x9d95a7224fc641cd15ab62c6d46dad74cee6a6de
0x493046076c1259ac7b7cfd26241085571fc46233
0x45bdfea87fe61272e5f6b148369ad9c5473dae19
0xaebd428a629e9a2af71f71e2de0ce898596f24f0
0xf1579cb384614edf3457cf7bc88dc0f626cf93ea
0x4e87d41c21b90b9c1e340db0cc0bc9015b1cf32b
0x56fda97875d7bda2aee5fdaaaa9dcabbe6ddabdb
0x3cbde78ab7b6803815d6c6148942d3d0ed3c9a39
0x5f7acd28fb5d0c106d904a16bfd83d06167c4e19
0x8c11e4f15b362b33001ace50cdbe149377958945
0x2e35cdec49c9a898dd1c65f0dde47cd43f2c0cf5
0xdb88436849a300849ebd5e0c5b5cf8299a4b15b6
0x0d7df7c6ef29ba6c57ebe7004e8f921f8ee16f5b
0xdb21e0040bc697120858e05587fcf240eb72760d
0x12818ca4361f01b36aa119fda4b0aceb4c482fca
0x61c0eebbbde535036c3f9a1dd96c26a19530dd9e
0x84c52f37d3e328c965dabe605ddfedd75c6f4a50
0xbc13e1ccfdd0716f3c91b1f38e716c586cd4a7cb

0x6643f09620bed03d834ac582a7b1585d95c86624
0xe3b984f2a3b41a0e6cf2289ab4871678353700a9
0x47949937a936eaf9c57976f212dd1d83be596b65
0x053fede8f73b1d701c370970dae7022abff762bf
0x054bfbf7ac9c0aa86d37375f2299eb63e3aeca9d
0xd0086fea5abdd4f530c3865b633e7cd2a56e024e
0x7902930ca9783769f748bf6f7637ed3055210ac4
0xf18606e6cc71da580d113d26d2989d5a3b5b243d
0x542afa3f045a93470f14eafec55a78fdee6b26ab
0x8d05136d93e6ef9e4dc680e7620dc203eb8ea198
0x4f536a70a4dc6d035994c5a7c0abacea176cf780
0x85abe664908262d9707b02aef8faaaad363535e6
0x5199cd00623301303ae2a52cd5a6816f8879cbe9
0x09aa652fbe26cfadf5671609250aaeb3b469156e
0x450ac72018d900db843f4b3b8fb9086ee9aa0fbf
0x0c0b4838dbe640e58647be8f4f94688075bf07b3
0xe42d5b5120b8315eec72b9596c3a09c81112d046
0x671552f0e3f84e20f625795e2dbdad282249caf5

0xf32be11c1f08570c6b4ab78e8802a11bbeeb4257
0x44d51c3a840267b0ae52028e4ec8f58de6c1faeb
0xd0c3ccafbbf102cf97a20748c541404ef44e6483
0xb952bea82d5afb39103158064fdd75b110fc4669
0x4f990331cace4f0eed153b58bafd639e571c23eb
0x90ec11e39450f6e8296a67dff166803af2a648d2
0x60ea8a2045fc0c5605ebf40fb081600e5e136c6d
0xc051959dcc48c2e5366da3949bb7b2be8ceb4378
0x388e261174c981865edaa532f4615eace216c4ba
0xa651d8a167d3ca7e93c40ce464d034c318cb59b5
0xff73bac812096ea4c6aba6d4b12f022e65e68eef
0x6a1b78cab7fb9cf83b5f8ebd5ca541b6d490aeba
0x39ba76e6edd68e8c19c8577a9b4ae572fdaedb94
0x8490aef8c9f26bc7e73d97278621d9df91ba9d1e
0x8b545abab6c99231e4b2f3ae29328c6777299e2a
0x07dcc832c24749683120f58ca3e5060aaaffc4df
0xfbf8b08a221a1b17a841c0dd071efccfb65f0cc6
0x7d47079508f9d5093d4d40f91fc5712211551915
0xb4c410380787191cd70f1cacebb6c97cf01832d2
0xf9fe5bd3217b7a1e84d46b658adbe8ac3b8409b5
0x6d7ed960075387496c02f8959fb3c4b265ffe594
0x0f880668e677657abcbc25fde42149eaba22a113
0x5500cbc000b0affb1b043e95a38632b54338129e
0xf58a1570b2d495fe854ca3593aaf739bde3c6345
0x8df4a389b1a679cde6ed60de7e2f72c1cdac5a5a
0xfb7dcbf89979ca9a81056a4f892be4fca34f5b64

0x311dded4b7216797bec932225ca26d2c13fdaccc
0x73d99cb503166551ec469e607caaf389de4293a2
0xc8dd257777cc766943661dd831265c9a07167751
0xc006bb8de5b7a16f9a3e53935ca8e655c52ff75b
0xd806c512d3adde6c6206ce69e87c9e1e0da22aab
0xb37437271169921469a5eccafa17cc78a2ba951d
0x2fd7e726a15411ac670c815a899d19f7f3a1d840
0x61c921b346f512fa11a87bc70b9c18669d1333da
0xf9eeeaac6ff9dd42af5eb28ce9a5d87582fbab9f
0x305a2ec0ac8ab8dc6970ca4c622c8fae22b2d2eb
0xaa3cd0a05ad40cdff6be2ac7c9cda2d03f40b87e
0x049387457e196e1ea7aff19d8fd8236bfa947b7b
0x5c2d3f61c7ad51db16d052c72d20397067f20a6d
0xdbaa4d2fbdb415eb8da2b8f9b9fd117022450be5
0x87fcaa96cbd7b45bc7cdb8e86cfda197ed12ed80
0x04e7d9c99fe310be91be1cdc423d366e84a5cbf3
0x7ae4ca82317f462d8ed56edee550117965930c60
0x548d5806549d1539254f59f0a542d65c185dffcf
0xa616e2f1179b65e8401125fe57b00f360f058d6a
0x4ffe76b9719e6dd917073e25cc124cb9f34e1315
0xd344a01aa9ca57b624880eb4d12c6af64990c166
0x51537d4a708e2fd90a7c1c50f59fa6c529266510
0xb43c9b00638af57e06f6a2e6b68fa0be973e0098
0x0f3fee5e4a6673436113761344e208893095145b
0x9df6df85603708c83b679ba14ef9b112db5d8fdb
0xe53bc4715aafdcdaae71f6f5c462b9f1c526e058
0xe6279c9cf09d1ed4d0b215ef230c7c0bbfde2557
0x26407af2c1347230497dbdd85e80b675ebfafbd7
0xf9a03488bc245cc4615c059b24db5b1a6c6deb3e
0x07746e26d8d53333a358ccd574ba552ae40fd0ab
0x81b741a625d3bcea2a2c531945e7895671b17e06
0xca972dc929675622d213872aa0dea39d3fc4c5c8
0x3a691faca6d5d2b5802d35fd57d1aa7b48761d54
0xa526f6361b45dc8ca68d5704c6748721a3f7b540
0x0f03729ccaef9f8186fd7f55ee902b8e63a29c20
0x2cdb8871bc4f88df23e041c99e4334cfdbaf8091
0x957cfb91c41e8513cdcb95ad440d201a4e8b5558
0x67597852ff9413c18a24207f781f9f4a5003fde4
0x4e753757a2a5bc6400ad659450ef5907cd81e846
0xea655179dc95199ccb42f582f4a925f3b92cc466
0x0eb4e5abaf8a4895c21eda4de50aa5c92fc0fa3c
0x827960071fa2046d6f72aae5c99bdd9b20a4ba47
0xfe13123bc1657b3cda712b3b9e0f76ac654cda37
0x3b3a5d9b55f2d35b13f4eb60118f4c50e464c865
0x4726e2a5b39559670d8df37a7b79eca781ccc05c
0xfe74fb954fdeac4c017a10c6c25d6c9c810d9c49
0x4813800fe9d5cf73f9699697a25e2203bce7b629
0x22b6208f2dfc49d3e071d3b9f0d12e7267c54bc9
0xb8ce39b7b3daec05561eb4f1ac18590b4101a514
0x185c86c5b1959a25f0fe0886d73b0cfead014a5a

0x8a79509c53a9d4e0c0a778408ed2e819c775234d
0x6c7e9050399b6a8090f14c846dc660b9e7cbf2e9
0x136700bf60c3a18b39cad3e2220a54eb3fc62b76
0xd3bf4d8acb28c4db068fc1a307feed47f8f29857
0xd73974db4c34d0787809f4e9d796fe8b565bfd5e
0x0203f201c8eda9a383c2e70f0cfd9324848726e3
0xe2c980d1ca7c65be715e04748038f39bfe3c9aa0
0x3d8f4ba1039a7288193c821cf0870b21cc62b6ff
0xfc5d192d72523702539041996d97e0d759ff47ee
0xc3c25b7ad779f18413bc4399262a7ddc10eb3f82
0x204d5489fc0f3699d5e4b30fc2c2926c44cf1e5f
0x46b91fcbb3c9ce1653385e88409c95f800582750
0xb0e37c9c6bee2b01a493e577f019b539d054033d
0x2ef6b1ffcf46ba80cf7b9760f7da991796607648
0x062a1a9f2fd0df3b8641f0d05651f8ff271a8d39
0x14687956039f285ee18d06a2fc3fdb5439b49da5
0x5d1040e8b506b603a0e72bb5052c5bed52e6e564
0x14192018cd03ad904b72b9afd6d85b03cf241e80
0x28c0e994bdda1c39f76243258655c7f48e062a39
0xb4fbf867919f4494eb8f14634663186de8126515
0x6fdd14f622430b2466526aa9044bec3522818070
0x776e865fb7f6d7d32dcd1789f1be167e31a4449d
0x5f758e00f9fbc298d0f3f7ff2a19447de80fbdc5
0x5a2f1b42c299f550aa9118d6a241dd8b38190077
0x31acba9b6c3471ba819695398146853f1398eee2
0x9be779ac85092f6b6302fa6bf7c9d2f356524d19
0x7db92cd4b456fcc9fc81b33d6cd07c38bc2089ec
0x98ede8158b5b99207a6756f81c121fac19669eb8
0x81a4699405c09a419e0506d711b868e69cbca56a
0x0eeb8763b7df45eefba90ac03a2b1bac569a38c1

0xe51379e27fd6ebbea66ab22577963f3e56746cb8
0x8e86afdb6684de61d7c12c17fc00ca4cbd4fd7e9
0x35fc82d7dd47ce839563ea038c25a50b555b2bfb
0x7f6d13257adfdadd93d2d0aa282fa9e7e3f49302
0x06a9565116d93dfc7af9c65ff2b3f3a574953e2f
0x3765956cab6e9f798ee60a513af188af4d178e64
0x6838e6e0b737c8cc1bb6f67f9339d1670c9e7753
0x38e704d6438ac0ac5d185476d7b49ef8d61abbee
0x094142ee986f2b8558f69e4d4cbe20896a30a8a5
0xb813efaaf4b5ffd1f644c114e9c6fe69272158a5
0x21efe8874f8d0a55a1b3d5317055367ba4a040c1
0x5ee8ff8b3a3fd5f7d502be161290f845ad574b0c
0x73259501c0adf6c04ad495bf9d726bcf6fa237a8
0x2fdc2967290b1f47587c3b87f3eb004dbeee0723
0xe80773dcb60ed7636219f6a3a1731e66e82521d5
0xd2feae7d81bdcf9a386d054b70d914092e4ef0bd
0x2340beecee9090ed6ac076c4dadb7b1c14064dee
0xaae7c69f124f37e2a6af001444a6e8f9a01a9d21
0xbc005ef8bc22b61358e4dfa8da96bb14829f35d0

0x7a6bb76452d199b2b1d952ab73cd24063f18dc17
0xb5bdb9f0213f7bc9e0133457466522f09e5257b1
0x47afe6de2633de7d3e5f682a97cd394515440aa6
0x3fa9e7c8a4e941f1bf45ad0ba5aaaa43b0c85980
0x9e5cc66aa8d3c5bafdd8af7640505ca48b050fda
0xe8228bee4a18dbd6cd00b65b7c7d922b99b8e32b
0x833c8eb4e698c951594d9917504496c2413db69b
0x7f78c6f72635e7111586f67a863868f3d9646e53
0x852bb5806182c33cf27538e99f80a2371734e0df
0x3535881fd9efa8a853c62bf95187dc4a793215cf
0x0c123435092a2d1abae280ddc9005030103c8e3e
0x0eddf37dccb046bd9b2e55bce5eccff168bfceb6
0xff8b15a37f4ef36c19d59bbe067904e5521aa4b1
0x8877b03994647dc79f6b323f348d1c5760cf4ba3
0x6eef49769bd061fc73632361a9d5d42fc4f406de
0xab70e53b90147536e6998c128c3aead2524f65b3
0x079f7026d2e80ceb5e5cc4ee61f35c778a526884
0x4cbee7fc84e576b19cad340404b37f07b762e2c3
0x29e88b3e9c2f77826298fc1774e4a1e3d04083df
0x3f01120206606f3935e4d2aced7875de1797840b
0x66feb5b78d4ce9131273f78c4078cd3e0ab59c34
0xb5a0dbb76f32f0db2ddb416b0148d16ded745106
0xa4f7e6ac6a5e24d40b7ae388a412fdf323605967
0x9b8c75fbcda2ad71adfc64a31a9f6f19f5227450
0x00b8c0c282cb01370eeda0f46677e732ff9b99c1
0x0b9d4dea6affd289424ab29aef1c496ff2ca091a
0x5212e7888a8b7bfa1aead2e5789518da4ea72438
0x210761303a9a6b6fb36f5fd8a621c54f1c4251a3
0x34e5022f47b251a85dd6f1dd61592b2bb1f79eca
0x8576514482dced8cd3b856c9c914b7228cad1b3b
0x55a2b523feb750b1c9aaaa6b94eff97b306500b9
0xd7a1e1e69020664c354842279dea935478bb1111
0x40dae6c099d8b0d5ef8c9c36dd49542ea87de88c
0x6783785b07a0ceb6734afc36a21a1bb5ef97c29f
0x95af8858ff237fbc0abe25d7f4f5886ba7164ea4
0xae67835940908c09872c1cb5eea2e3c112f901d3
0x9947fdfc90233e6722554037d88c42bdb5cc3c8b
0xe39db15da64a5e7da62664682b3ce17e79a0d33e
0xc9d3f3c3baf9d57d568339d90d95f289f2245ef1
0x5c13df4cf11793a1a996abf6fce5e5fff4e73445
0xb63d0fe3973ed7bb4fff929acfc9d93ffb4c6804
0xe91cfe04483c4714d60ddd282ecb434a50226fae
0x5a76e5d5eea33494aaa6aef40aae79c6526ea9ca
0x97c0e2d8052ee75ac3942cb523bfcbedfa4d52d6
0x628248b244281922955a8d5f12f117b673f44405
0xb37bd00faf3aeda55ba5b2af89f4ee96e4f7bc36
0xe3144e1a12e41fd4febac66386b33e7e12fb0997
0xda216d4d069ac4d4b5ea1762a1a63f5594934d83
0x0d78df3687b8f6a88f8d0903e5cccaacc7dce0e6
0xd13d1585fe850dc2672047c21898379f14699542
0x2e8683833c60620ce2abb2bd9a589b7ff4ece7b8
0xc0bb630b745348dec7f566206af792af7ab2dc04
0xe8ab0bdfa75b37c9fe708969adb4bccf5eb1c116
0xa568ea8b8d0da0ecd2ab082581f678235fc1dd4b
0x105b73adb8dd7d016c47dda1af6f865cb631c429
0xe8a7d3e5589d7eac863522166585f12410f83dc3
0xdd890991f7d812866b2c40dd09a13f5b4e553742
0x9119ad76e08a7666cf8b84fdfba583ca1f2d747e
0xf919cbc1e6edf4506ccb999f7bf98351b3478fc8
0x279902a986e5d1edfd0215c387f02bf58056b2ef
0x5c02214f76c444c3321f49c7f0a6be4e6b86fc3d
0x8cf7236a48aea5e5c38ba87e8bc5408ba85a4f4c
0xf4deb00b5a6f8ee93dfc952d7615e1ce2d0538c1
0x4ee83179e709f3df8c7745aad40115f3cf7680b6
0xe4d88c89ce0466a43735a0c0e94f473c1ee8a17c
0x999d9e4cc67b6dd86172450ca5a1e41632fc69bb
0x4eb3faf5233c6b2a90b9388c53e197590a4438c0
0x904e83a2de6ff665975ce6eee2896da997b28b9e
0xb4b229e93caf69a5a007c6287efebf068fedbf1f
0x764c559566fcce52f12a6e8e4ba8e5d0a9cd6500
0x49432344089d6957908659ffcd45a536d17f3d69
0xe05f162b05baf8381bff90dd505659e29294a76b
0x61089d0a61fa9dcd4962b0e6dddc293405dfe9dd
0x53d72cd8f4034aff1140a387af1b250c9093783f
0xe9b66896822bd32c48973fdf4241a6d5a26765cd
0xe6ae5da4af77d39c9290e94d9a8375a8dbc4973a
0x9ca127a62ee78beb20342072f9dea6d6b264768d
0x8611d415ee83740cec7c621dfdfcb8f75929f43f
0x56b37855b66e09e896215d98284b5b3c046c1293
0x28fc117899e525465c742a9abb575032be611d76
0x7d6a5857f26051e9762f85e8df86e4f0f0e6f476
0x7fd47d334680b3c6d4acb88b57a2622a32bcfaf8
0x39c4720251dbf8178c2edf6a8fdf7492ffe52000
0xd9eacc402c24651358ad2e1c93fa918865dd8af4
0x0f71b9b7b591fffecf1be267f910746376739640
0xa8accbd13e7d589727ba6d068aa777256747523f
0xa6b8da16c3d92483a4ece076cdbb60da2f8cbcb2
0xd7ae3ffaf5553364a387c55916f27ae42f4addbf
0x155f321482aa2fb1affecd84a9a55ee90820d6ea
0xa91e95073b67598054633c7acc6bd308dffaf90d

0x6ddaf92d2a61757997ad51459c527f012253e797
0x3ae829e04852b99845ee15ddf005f170d1d5c202
0x7757e72d5c86c1400c708fdd093aba976c59b7f4
0xb606458a9326bf45e44f34277c164230a5ed5592
0xa47aa1a58383252bae6f316a814cf0f563dd093c
0xe10256db8d3b7e61ac2d07af8c375ca6ec951517
0xc6a94fd68b129273026685daeb23c355c1a78f91
0x7e6e0691b411c4563094d70209731678ee21882c
0x0edabfc0f79e276f3c6223b4cfdec4ea73387101
0xf7cf8d8ba24e38bd2b4e062c582e5a71da853108
0xb859154a35cc8aea60ed2b4884f9f2d87624e339
0x8dc9b8f9f9cdd8e6b550fc237de1c2e5adaa646d
0x320f27ce598ca5bf59f8f038cd6cd8d3283c4d67
0xb1c1702e8aea9668274adca3a9dd8c863511398a
0x7385e608e9e4b5dd9386825712dcc7b3ff115ed0
0x212049da950bcef7864636391d984a81226648bd
0xc2f5c3fd1453a73efe328b4385bc8c7a358a87c8
0x5ee71bbf95d0f881e73217eebef7f7b263048e4c
0x39be851ddedc2ff01aa115e834e1c96412f2dc0b
0x09f336a27a3130aa57ec0bdd55fd6fc3999c7c95
0xada7f936f8744ffa2461ab9bcb487fb2a52ec30c
0x8a6d7329e9ac54a88ffa91171092a13bd0e964d4
0xfcf4c58cf16f4e4821dd630a1ff3fcead8c0d98d
0xb3928010276251f959a047dacac6b3a2bab28682
0xa491cc6b6ef077fbe23851bfbf8bc727988321e1
0x867a0278dc00d682b297ef58f2f792b81cc0c242
0x2bdf249d06459e5a4778f9ae55cd666b7d5dbacd
0xdd554be3d5f4bb22e88787796a2ae08e04f5b5b6
0x47a3d810d07c77904394e3195ed2fefe23b36171
0xb9d9b54a47831dbbf37819544066d14ed15b3647
0xd29bc8243f3700909a63a0466173ecba217a0199
0x7cd372c336c0391ea1f9b5e41302159478d3b33e
0x2387f0ff4881884ef7dbbcd1f87649fdd31361d5
0x09dee8bc52ae3784b1f842253405e08a149a0dc7
0x5edfd4b31e58745ca0850d667bb0c7296455b166
0x60e9e71dd1eb06d942185016f498d65492b5e51c
0x8476c6fa778e0ba6b525c735fa7882ef0eb84eac
0xe62f3353b1d03a8d1f740001bbd947b24228bbc1
0x721d59ba7fa61536f39741dc7120486dd1154930
0xd96c84a6eb83078095d41045992bf2f897e5e625
0x4e15f684dbce63b34507781faddacafcd9844b49

0x41cbd369576179cab8d8cf0ab4ccc9fba17edabd
0xbd660441919f6afcdad5a10c424064c68aa474b4
0x95ac6a13b9b01d5893c7f71ebfb2b24b311b015f
0x17703b789104d731b1861167cecad84c87c803e0
0x9b2b745feb47c7fa7b2c1937ef6194eb060b09cf
0x9a3f34efb69283dfee1759dfd9e05bc541efb777
0x7f901b28b7a84b5c244232344cdd2246c1c1dc2f
0x53506b1d6a7daeb04b1de61045ea7cf27b4bf413
0x359556cac2e7332eea6e9d62d4ad3cf047808b5b
0xa7203222b2b276801f0370dc092511a84c70ffa5
0x6bf03e3c1d259bc218adc2c16063cc300797a6a7
0x8da45aa6586e52fcf2979a8d38d78a4773eb4250
0xdb42d9932036c48c42d61cd20112264bf4355275
0x718aaa9f397ba88658eacdd3c6038ed70adbaefb
0x88b8310de95c9d0d5689f84730b7b5c82762ed60
0xf639ceb23dd4a22995ae6256e76d5137a28baf89
0xfc03ae34a4ac5a8cd259a407ff974692276ae331
0x835a0d1a2ee6c67258bb6ebc2c386121f5f4e8d9
0x2506557a995fc3cd1e3a382cd436328089ea9cac
0xaeabff63efe842385f0f6fd03010fb235008fd6e
0xdf9a7c7233e9a8946865bbd0072c74d88811e7ab
0xf294319ecd7fe9d776d752933034fef8fe50b94b
0xaeda133806da35345eb4141a61d67cfaf62db56b
0xaac0e2079a21743b9c1d4ed0faa4f1fc6811239a
0x48df41603caab7641843740c250edcc829d5dac1
0x3e19d2223793bff0f9015df20b0ac11eea9ba8aa
0x1b9ff5f5e4da4f9d44415ebec1e91c7f7fdbf91a
0x9a508265575a37d01fb37fc31babf151298c3a03
0x7e6a9757a4896e4d3ddbc3913fb53434915f4715
0x3912961b3d28a0963459747b0824354c726709d4
0x1c42e8b65171e57e038aa1b826fed42264f0fc5c
0x4f1ec050f78319f640956c4b64b7095c704c0280
0x20c3b6a71a10b9a16e3e769d84880d48a4dfc8c9
0xb18294df25ede0da2d3da463ae5cb262eee52f0b
0x43a0261d252b72a752d2a5ac7ae899067d4ec5fe
0x4336c3d30786ec7601049c188a4b3177b518307e
0xd301548487eab4f1a2335bed35fd467b6c917fd3
0x0fb7330e1868d9f9e3d2deb3acba28a4309196c7
0xa35e818146b55e058026553933e8a37df270ab45
0x39fff0b212e7a14a77d8afbb45db8b5dc0f5680e
0xb85631e89f8bad5f7955d70fa6031653f0fbf3cd
0xd3e43975fcefbd134d32072b67ec779572a154fc
0x63b92b36ef2dbe1ee907b144563a38510ce1a564
0xa36ea0a3163c0fb50192d3585082bec64863b0ec
0xd2defd69c23ab0dd6afc8841b569a93339702d0e
0x61297919963988eed6a066617945517264207cc8
0x253753da90d310d7373e605c7d28299ab4abfaf9
0x87396367470c21f79672c0050bb5f0502afc6d3a
0x4c4c65400681f9b04453caf516f83eaf8d0cee65
0x2506d04f13e564edcd14d575460cab9afd6660c2
0xb51d80e9557721de75e7e662165af30629862e7b
0xa660366fda7e029ed795940276fd899c5cdacd4c
0x91abfb29fea07cd69f65c77250cd7ba14553ea52
0x1e1a6135a1a420b73042b9929ab297c27567dc33
0x85032924daf8333edc6563c44a208d481a564e22
0x6af1c6def481c6aa60c570d28b2a1c552869f073
0xe5c5d2756846c5b55b457a9a493eefa8955e1983

0xf09fe1d6ded764bf744b474ff44978daeed7ca52
0x65b5f2c92ab00119a78e9d50573b7083912f93f1
0xb8205af5aade123ce089f890cf429f92ecfa9dd7
0xe4548caa21d5091085cbfa47599819492fd0fff7
0xe7d15c5aed43b33fc9afe2d0c0fc16b37961da2d
0x4f195f2278f26c345e8cd9a031bd4fc1f1419a17
0x69c452129c8b3ee5edf0d67a3e81bf920963e7eb
0x03c73a5324ede48170f78cff5630305d4b44e56d
0x6c290ad8b82cd525731ddcf4f278f4a6cfef27c7
0xa135b18ae3aaf9f31d61a623cec4d67e264247e8
0x02fab3cfe8240e36188c5f0bef5be67ffd9e9571
0x650554e9858da261771a3c36d04ee1eecb6e60a6
0xf43cfb87edf9df187ee71d5dcd629d0f83057554
0x60a48fc2262a0b2bcc228eb8312266df2854aa61
0x31dd356f8885d5f1931c11deb1e4c97998d989e0
0xb5cc5667eb2144d86ce299e60b6fab3da0240b30
0x6d3e503b874807f3496ed94613337635067d1584
0xa0b5d2ae36adc66bd32b3a21fd0cfa8e2181b3a1
0x663ede12ec66805d3caddd46b8507e89e7613643
0xb9fa13c491b02f8977355c5d9dbd5a763ece8415
0x54c74e1a7bcec58c310f8b6bb06e9efa25fc5782
0xc1d63d3ddf3cc8cd3355e52d70464656b121b8ed
0x8707eb927d95437acf512f7c82701770adf34248
0xfd32527820e18783a0fe14fa443407246474c774
0x97a89eca3188c6d79e530dc97537f83066db954d
0x7e8394640c137a7303449699265e39b3dd5f7df5
0x10dc76c41b8ee6f777d0a8d7923193205eae60bc
0x09ab9b513891e67ca8b03306699f22d8d77934c8
0x708cce2c898dd8a1e41710b8d4c7a8be88ca733c
0x428a927547357624e4ffba44d24fa151ed9c9d33
0x9df46a16c0c9c6fd3356bced289b7ca4c961632a
0x704382092e5880bafcec75801413dce9060aee64
0x4e0f3d133c3682f7df6b1eec9e3b2376e837d7d1
0x5d1b19b70cc050ee709de0b8eaa7173f7a24cfc4
0xf94f1bea98851dd9571a7967c04aa9e781e602c6
0x480bf7fb5579bf7db0a12c25d95a8354f3451029
0xae0313dbe18af88d0ffd0be65e3cf6a2e1113944
0xa10e4babc09bb406d716feceb39376c3bd0df298
0x2b77aff8b6a1aa625e18b2bac0ed72c26d90c936
0x65e4fbbc0982eed1f32a485e6e8a105e845a4924
0xcbb938918d86e99c5bd501e13b45cc7d4443ece2
0xee3907616d5da13656dc2ea01e017cc9239dc1f2
0x5f5824a5f5967ed1668277002c0c5d0f9ba7342e
0x1952fedf21731a53c543b5ef4473ecac59409ad6
0x0a2f18a20028350dda1be16817f5f95cb6ccd63f
0x0a1bd7c209d971c651a8e1729e6865db761b8580
0x7f3f5ca819af67e4586136ba7bc88259fc4a65c1
0x0cf06673564a04a7783708bbbd0e0eb5237a7e81
0xf18d63aef5ed9b1e49cec1d0e5cb237dc78b548e
0x7a588de0acea05bc527c4208340a922b82ec1a92
0xd58256fbbc3053039ec6af07e17512e9635c9004
0x13302eb4000bb6e496ec7c25c3e2e46a271938e9
0x275a46cd473ebf4a82e49b6a4bf988481384bd3e
0x8597af3590a9cc78485e1c8c690bf1acb08448f9
0xbe33464b6524cff628433638b7cf0690cd8fb600
0xbaf00d7716934583dc369f450db2147e2d05e916
0x8a087bf99655f822e7f7650e869e2b6940423e07
0x649238ef750c15da2c71e86ee6060dc3e9f4d706
0x2d8812fec43ea58e69bf74f5c85ae6e4b40d1b2a
0x1cd8b49da47ac93208a92410bac9d92af4197487
0xf48ed6311b5f2419a3a6ccc5b6bf715c04530571
0x0b56a6eea5a62fda0453beb7718e7d12c4229b6d
0x1bbc42b522b5d090b89384429553a762ad68b05a
0x0a69783ee22029dde2dd4adb95e6d0af9f337ac2
0xa865c23916b35c4c7bfc94afad7884c051dad4e6
0xa447bc57b205298fa775cfa29c2a9bce8444f056
0x322f7a5f445483f84a8ceeedafc98a7c6b87996d
0x15176cfc16a4029ce46c40bb5684cd0e227934ec
0x609c81330617f45f18da26c97e6ed3d8e32c9b43
0x06ca63eeac92c2c826f527e62c30d8d8f5246f2e
0xe30bc34aa160598640e8e314098c4ede0ff21568
0x371112d81ed0ac58ca3f8d2651c0d232c5f2622f
0xf12a2602be1fc81dfbf6e280c1442a889094222a
0xb5487eb59b1302ad0e0a59c9dd075ec4938bb905
0x4a1333b02c17a2cf608fcec4430fb8de71219301
0x1e39303c02310f9adcbbe29a01f840f25b43d80b
0x43949adfec105d563900c113d7452859849b0849
0x50f6bd93f75275c497fb0f8d803ebd0e63bc1e60
0xca3bc9ab21fadd52fa5cda5bf650c89c42d5fc4c
0x4b024ad0429e0ba2279d0cd9f5ef257edc65ac73
0xbbd078920cc5687b6cb85d669fd40a378cdc8e35
0x4e75383991eabb0456baf9fb92d06dadbd85155c
0xd851846c10cc1da5729e58f569bdd9cf3071fec3
0x69bae81cee36c89c0c6cb5e009f0c280f52ded1d
0x4542d439930a7643953ab559a4257bacd4bb47b9
0x0a33bebfd5c2a7c25b86bd01669f3a364769d517
0x75265cd98cf1569bb6ecf7712b476e21fa15c292
0x2dca58516abf9b46ac19cc8671463e755aa12647
0xa91b9464dc0a7bfa98ed6dd4917ab543c57301d7
0x646c5d4d9c75a9475541503b9d98cb2ffc67db1b
0x478c35ad2e60972b205eee2cd200d35add92f800
0xb1a3faa02fc154a013be15068b8a346d15c3e37d
0x952115e008d617545ea31e95dff456df16a26fe6
0x15a9c83b12724a9cc24ce0961863cf052fe39efc
0xc908a280b014703c794b4963ec8e097575878c32
0xd0d2edac31e1051e56fbbb155b7346002ab3b603

0x3a1c4ae64f84733e1ec4ba0d7195af785bc70144
0x5ff6656c4697c117d6e6037b81f9f829c72c6c43
0x2bb05ea771a268317a4fc60fce47384854036abb
0x17a8751870913a2eedc3a2eca5b2f6b00503dc8f
0xa3976e0a51b3a7c17dfc784994eec2e67be9f8ab
0xb1364fec535a5c6e0e288ffb483ad1c9ef00bb79
0xa7bcb67f2e698ad229ceabc93c76963f7cd8f6ac
0xd5c55fbe1d343447da5c3620bd43fd62e8836b7e
0x76c27bb42d37c68d28419d91475bc2fad5656862
0x2ae17f70b27331fd34ef46dda0dd4663f1040d0e
0x0020aeaa975721c818c5ec1bd29ed37732903c84
0x4f3d387cbfb6989e4e37c04bfb5e08db786c5e3f
0x162256b4695bc76a5847603dd6156301446bfa53
0x3283192618f88347450e0dbaf6b1186de226bcab
0xc0dd9215179caac4f90a0a65e8fe98aec1e03187
0x28aa718b9bbaf65f9e4cc45dd357c5ea0438927c
0xd251245067281aaff9b252bd24572b06085f0a72
0x146ce6916f3f5007c49b5cd40e0599a5a23ac0bb
0x135a139c3112afd99577868ccf8149c69b928c81
0xe724a43f266f5f939c866bf04306967f4d0a4e3e

0x0e86ece10117ac75b7aba21f04efb18212018bf3
0x82e88b2e1d40786b981d8e77f483953faf5a8553
0xd12d8e8d59cd6941d4884d8f7a0f7edae5a81ed1
0x9ecc8ee03a0b1abfab3d5e5b45d8070104516f90
0xbedf20d4f96d79f7ccbea631a36c9fcc53ff7f04
0xe27a3e582e748e532e453bf435c028491aae4d46
0x17a553bf3544569db0793d5e618d488aaaed64e5
0x683eafbaeb56fb7fa230a649ea36ac5cd58d6ea2
0x442bbb57a3a8a1a18c35dd82ecf6f06b61653517
0xa9c249039e6831fff8a949234e3689fa8a0a65f3
0xf36a15a14edc4afc622a778f81c560deb6544344
0x54c77d9e8332debf99a5b87cb618a3ebe72ef6dd
0x7352ed51788427a717a684752777f7a947ea9f36
0xb7f9aa1e5c355df17837cbbbcffb45fd256893ae
0xc041cbf1260a16c3052ed823b156cbd5c85bbda9
0x3459f77bebedeaf4ec573a0bfd756394b8e5a82a
0x02cac054f62fd3a494c71a11f44ea0266e3136ac
0xca1f159c5e65f9c250dcdcdb7da5df7ce71a798a
0x9f0a216381820fa69b19822f5c67ba6a79417f76
0x25b71c12174d7fd4ee41200247203d4e801b5b58
0x5104b33c259d2f2b70c6d06103254e45007eb586
0xea58b59f073db1ee1795c8d3b223c1f81ab74005
0xe24d74b21169f284b33fd10a0b5db7ee2cf74378
0xd8e1d9dfe04050e7b08c12149555661bc12e4398
0xba0f38540585f490f233b3626764baf2b9075409
0xa59106462f17126f4fd80231f64ddf345d9a91ef
0x7f1d8b7b1816fd5572a74a592e325a99776de1c4
0x1af35e9e7f6d5e5d12ea4d8cad8aa56c5ff440e0
0xfa08c243462bf09edbb69ce4980eb2a6bb9d873e
0xf6e3d51af796c7b818a18785d3c97dfe33e477bb
0xaea4293462a6cab11068403fb68d862564d5a36a
0x5aa846720179895f2ddfffde997032fa0e2a95a8
0x87a11291c99dcadc41c973598ed185da570354c1
0x7e1f543d7365d8038e3313a00d141686950997dd
0xe5c6bf5c5d4437aa824ad8e46e0d3998342050c9
0x4eefdcec192fa2b229b9011a0da7a64b79c4bfb8
0x708ebcb7f0f006ec129c4744212355155125bf52

0x51ed399267123e647775a332e0ab7be385e7c11e
0xa24752e5a929aa8dd920af6c9c117364fab63c02
0xbb6886bf19d51fb0ea69cacdd2b8a632b348823f
0x6e1112bbe65e36222e730fa2e5768fc3794b67cc
0x7aede2837937f7cb75e3e395061741c797f787da
0xc990bb1377d354b4899f1931a0e10e16bece8e5c
0x891cc3449ae6549c87449eeec43c553aa1e849c0
0x26004ddd6d85016b4914f7df206950a36722c8e2
0xcd4888bb1e8df7962880926a9a6bda0b4be2bb5b
0x6a44f7467eecf48599b280e3a51275b8adb9f0bc
0xd3426835f0ad551d6aea6f0becdcadda7e5c00f1
0x892bc0f18b4dff94bc7ca470eab04ce88a4423fb
0xa556fde6a7df06e0f5c2f0990492d93bbdf6c40e
0xf857c9307bcb67ed4bb2c90cb23894c6703b9fbc
0xa3edc1ff832a4cadbc2da4d968223729f11fe453
0x3a48b48cf0ae1a08d43803862ab64417785d04dc
0x53bf7749381daa4abd0b8d3d30bbae2a04c417f5
0xdd947b7569d676157325c1c6f0b3649a88299eee
0x5fbd22db3c96149064d3ad8dc60ff22b6c5f003a
0xb2134e390ef4548c3e2505a77c65652d4f3ce283
0xdd5ab7f9231a97eb3b2bd1b344fc002b3fe1fa7c
0xd89096d89ff045f854f856476da9ecbbcd3b3839
0x8aeae6edb92ee35536cce94b998ef7e7f40d542d
0x3b1911df4f1af5f5484bf50257b910ad495459fd
0xb4b7f1dba7260a1787a98eb05789886ea71e3949

0xb75699194ead0d09aeafa708c7310d7d2d34a762
0xad305fbb29592e51aefa85aea8a359820b9e7767
0xabdd950886f885f8f72e245ba8e3375b18bd6729
0xc9a4da16b3b75bae2b31fe4703bd1048cfc440fe
0xb3510e0e98dd7b305cf84c24657ecf444c40969f
0x8a0fe5ed9df777b9f12a3478731dbfd45df6ce76
0xefb6c75c6baded2e162087a31081df092e2cd691
0x5eb52736ad2a0eb9682a3c64c842f9defc51d9cd
0xb56097a48e777a3fcddd56e2bd7870253a1eed40
0xfeab9d97b307bb83f1a2211f896860a488e8e1c5
0x7bd761c327ca93531f3943453028a57af5b15c45
0x4e0eff0a3889302ac13a2e96eb30778dac55426c
0x57a4ecb315ec5214c7530e47d5c455df43ebffe4
0x297264309853cfc4ec8f9f4efc497910f4c7b92e
0x0656755e303feaa5e9e05cdfc33c68d68579998c
0xcc9c8eb6197d6391b378a5b7e944e66b746e2823
0x033a43d8e9b1254b32cff3949905c9e2d6ba20fc
0xe0416f57a4346ca66e8ded262b0e52d9f39558c5
0xb1a0f03d2d4cb814f64de22f3e5c4b8fcf703682
0x146c01f1533cb74675d7ed324b34f128b37f037f
0xd9d306029c763a3a9b55b10e1018d375db4a3eec
0x5c628e4d2b3776ab120c51bad0b1a27544d917d3
0x83d0a15a44541b5b62293c4b82c09c0f3fa615d4
0x0ed20033792c5c53e2c851199033f9dc5185de47
0xdc65a4fc0920d2b9e41586942873328491fac24a
0xc47e5694ac3d681587a25e81e3634e3fa784e8de
0x5cbc33887534b58c96a51901091005fb7392eb68
0x3029179853393bbc6d9c30863325f94ce7a578ea
0xa5d7edda926bafad74796ffba4cdbd1c65473c43
0x1dd68b65c830d2cdaa981b99e0e546e757873a42
0xecb3bb1a6be792d599b57e1baf8284d13777579d
0x1be4d8095d6015a147f5dc778cd034d1020168b8
0x82a87a9897bb13a8096f8f9e0f9ba7e9fc901ced
0x858d791788fccc13828dfa487570514148b02dc7
0xdd5fb8621a1cdfdee55f84ab6e474b72421cc573
0xdb554ddf284bb7d20655be6fc44f5ce611dacc61
0xbbcf6286257cec5600ad43e8deab2ec83b1b68d0
0xd8b9c0733453a5a40a8b8794c4b9703178838fd7
0x1373ce19ce303a5bb54cbef057d92c4d36117f26
0x3ae38e7fc2902827622b89b059813a7f35c9ddbc
0xe41948a2d5787d419adba920dff6fc807ac73853
0xd8a3510d3dd1af09d444bcedf79a425b49c74aa2
0x474be149e98c7ba34abf15f5ba9cf26eec11b53d
0x9aac48677dc10f8a0ca1ca7980c2bd00bd199bd4
0x63c4b68062fd73ffb3cd7009a9e0d99c0d12ad0a
0x5028fd569c0b091402b69aaa6df860da8333b969
0xaf16b9c14dccb95d725c897907619c3563541a3e
0x4ea678545c79f6b640ec284d648f1cd21f8d33c4
0x6be294a732d9473507c3b48c6a5b260cced96c82
0x64b8efe89e17dd47fcdbc49c2f8efca5991ed2e7

0x052e5fbed0c4e62b91be17b5875823f9f30a1ef1
0x38c6b2582c29eb57ab42a12bd588adb9447a0939
0xb8571048edf1dffdd283ae4f9241be42b13affd8
0x716d8da05dcab9696fef90151e7fe9a762f8eaf7
0x4cf87f737cbcc974ef09ecd599a970d007bca1e9
0xfc88dfc3d1359d21c18189312ba03cef9d9d7d14
0x4ae6a23b1927f64c1bcd553d3f4f1b8e7b9e1af1
0x6ceb904df41183116df909567cb196c882f2d7e6
0xaf9e4522f3b0c0d92e7e6e434e8432b5de4e6cda
0x42824361684b0ee91a1ccb2243110d04aeb90509
0xcf65ea339e525ad23b0fe5e58261e5201fca002d
0xe5892f4e36afc19b3af495e821a2b476547509a3
0xad928192342a9c76cfd38bc38a20d35161e07d56
0xac83f1634811525b166a4774b01a3f2971b644b3
0xf41591cae4202bab28ef04040084aa0d0f86a34e
0x25bbf35b9ce0ac6caff4153193ab6e44875eca32
0xe11c226b61641feafdc0ecd225244d8ca55fa713
0x26287e02bb3693530b2bed48cb35b3aead33060c
0x58bfa6be8523fa28f6f9fc2ca182c9c1d743bad5
0xfa2facd3d3e70b8e56d1b8d8a51a978b3ad42303
0xd6f93a6ab6c2b12d000ffa43376c1b599658955e
0x80fd1dd6d2bc870c6dad7c65f9ff02e953d0560a
0xa78bd281bf63ee3360ae81972b2e6f9a80e9bc86
0x26ef436510a3ec79e220e3c37b03efddf4569cfb
0xe12447c47b23e116e12a0010b426a48a2507995b
0x60d53fa8c7cd1569954b8f40ebe78ee9bdc9ec27
0xc319f5afb0482053668a7c39fc0812144e3e2dfa
0x9ff6ee50a836713fc5cb49412111da59724dc38a
0xef381d82b91a01e26b1a7905e5e76227197fd63e
0xf0a85ab86071fc22b21d545d3c5aa241e1a6ae85
0x7de8f2aadf19086f201a5e1b009c90c192874c27
0xd85d92e3924c1b9876d0fcbfd55c8140f19cd8cb
0xe21aa34cf3e0bc1743fa432c1c946e4b5ca6a21c
0x8b9fd8593bbca8cb72c4487b17282ae033006675
0x297d8c588c116d860edfda80b7a085194cc87620
0xec38eac3cab72a8285cd91bf496a3b877b00b9ce

0x445ed16a11abfa0782793363a912f976f7c4e20d
0x616ec23db966f4c6b07fd89916df9499183b908b
0xda780c5896d536408de08ec9402da4a146487d2f
0x8a65a3a5661176237cb0845501f6b3e51776f360
0xe68368a195142fe17ccdf64aecc1e5591d6ae0d1
0xd60ab7e0f06ca19a58c03d605d5d758d85936ace
0x380e62d09232ecb1dc067c323e3554c84c9526da
0x88fe58eb03cc2e3be148acb9494fef140315f342
0xdf2b849939baf4e38e5c50761ea032d642e52f3f
0xbf194ce8d1c681efbd324868ecf41fe7b69ed528
0x03dd65543f51ecd8d098e2c4176885b710b42681
0x3296824d2f588df0d5f9ed1a4279229f82c4ceb1
0xd0b7f0b083e0524e0a16a29b78df21fb9837321e
0xafd3b80aa325d963ef58c82fe6666fc0a8c889e8
0x3fa668382b56eca6a51bcf73ccef9d9cf823d185
0x81ebd983a2f86029b240a37c1c3163156ba7e3ef
0x84e8a4b3f208a66213e49d020318b0e735cb4f97
0x7de14bf687c430866e6653f169872d244694838d
0x34134db8ddb430a1589675a0e8fabb3f7b641866
0x110ed5c98e64044ef5396b8639f6086b1bf125aa
0xe0de5044c2fca56acd6da7fb6feb8cb1a4a4ea92
0x4bb2dd3aa0e2d93cfa5c15283b63c2716a1aa506
0x4614339c00efa4d10ce15c7b03e88dd03ed1a169
0xf43cd90b401ed472070c5c30648464fb3162de79
0x16d51f05d6adc52823c9e72e2dcd5d8c80c594b6
0x8b293e63d993f99867cd44000691602dfcc5f2ed
0x14798d4fc2b9c81701f60d3f63bc62a77d723524
0xb4ed6f980d4c683ea783774a19094416837be5ae
0x6221884297230afa8438b3be573b11d45bb17974
0xea0ed6f2689e709cd5d09fa6b8207651d0e8f8d6
0xc31e354858a71700737d440ca3b7767143fec8db
0xbe734cb83cdbddbaee5d8cdbeaeddd017d8d142e
0x9378f8f3c5898e9446350b72352814739827d2c0
0x730dd5ec75f0037392678deb962b37eb9f466fb5
0x23250372d4cae29ea18cda0236a860e981abd511
0x69c7178d37fe9c41171c74ee1bfc713b36136727
0xb102e1d44483ae62c7729d83858723737e41980e
0xca5912b7fa88860540635a6ae037d3e31c1a42dc
0x0b2fe315f46da0806ea8dc9bf744dae419e1fbd6
0xde813af811804037b23d2576f52329432d4a4d92
0xdfa8fc3a814bb68f3d1c7ce8fdb6d2be44441de9
0x32c265913a537e851e92c9944bc2d3a8369b3570
0x449c3b6565fd092c8cb81aa80567666895026505
0x4ae6d1ec38e6decc15d79b5de985bb29cc73ffc3
0x60111761996671c241cae71be475c392b40cc418

0xf1814fc163a13dbe4a1ea65cb46d666d3ceb57df
0x9a46ee0040c1f5247d2f9b2ff4d5e7b371cd9b8f
0x6b79d6ccce85f41a0fed603ad3ad95c93a2bdcf2
0x833499c5a2799fd29d074797ec71995bac29b600
0xe5727f9996ebfa6422d58f2d1697c5061082f6d2
0xdef8074cfe09d042de346ca92cb8b2fb52f5348d
0xc1beab742f2c8cd49fe437c706fff825a13435d3
0x7a6e6c50230d4c6c359f09a059cbddb8c55c5ed0
0xaf86896ed76d4336623676a4b3c274de9e440b4a
0x3048e1386bc8539a689c44c9a56e0306c34a7d3f

0x34f7ee2b68f674b2e8956566418f6c16f56be1dd
0xe13041d37731ed25d127a9a79ccbf16715adef2b
0x82fc2429abbed37f011a91e94e2c05e6d44418ad
0x445843c521413b8740bcda7626da29f3855b990c
0x0cc93ec692ef37e36250f911230035a24d9169fd
0x574e1201c7bf55a62fdc246af35fb30f337ce4b1
0xd38d0bb2e5849785eafcb936b4fae3eb510fd25b
0x18175bacaa43b833e45fff427c7a91742cec3948
0x0ec1658454e36d94834cf5e1a3d8efaf0e0a6363
0x6954fc79f94c2ae063691dbd73bde97453485045
0xb7188234b7804a3ca77d733333103a188342ac63
0xe4ded69380f5c866356a6885e3b03e0032bd985a

0xd93e4d58c321904ffd872f7f15a92b9615db1b2e
0x16917594ecdeed40ae1f143d3cd28222278a695c
0xf07153babb00aa76aecf854a23e099d53b41e019
0xfe30190a5b40aaff874560bcfb94062fb5895c7e
0x499cb09f5ebcea0b5629d4f8c0bd66920b8ba835
0x41c1a43edf8d8ff8f62592c4ad0130be21c20bd1
0xb19e834b2756e25630bd3bb84ea68920ee1afaae
0xb7eed903732007a8485cf1698ab5a8ad14450804
0xc391ffb7d8350cdef986c7389931bb3d266251d2
0x5116f25e3b3523a1cb46a333fe61f2fbb4be7eae

0x4a1bcfff314733da67c70f271eb94583f642b818
0xb1a426097ab503ae6f6e02ed0d39512000c76266
0xaabe546e7440c1ebd1753ba4609aa8c581771011
0x1f42de336ebaca4e1de6d758eeb5140897f033bc
0xd075f22d0a2cc18f9a667b6c109fe6a8df5a5662
0xf67586e422ba68957c67b9c7dc0dea7e17e05455
0x41c7cc994403b88429e0d3df6104193618fd19d8
0x70016e7c0eddae14a5cb1d67e106c3edaff3634f
0xc07caca800660bcd0ad5f460a1275fc65765026e
0xfa88afc57e1e5f83ce115b4785d1022ffec62ef8
0xa2d7c39f3c2d358d8cbb4c17185f038a426cc24e
0x16726b7618e20d64dc8b8f37481b2a739d5b437b
0x78f935ef674653799f54c4822c7e6f416494ef85
0xe3d97676200fb2022e722e4ee56814e3e5363db6
0x81f25c5dcc825581279085140d0fbccb0e0b5212
0x94ca4ca974f8b49867a068106c31a932409e1cdc
0xab03607da531299bcee666c852c02c73f3011541
0x4ae156aea468e624cab43df1ab7f15b6a0d0f5ba
0x813e4223a60356b3b6a31ca486663b11176d5dd0
0xdf9ad1c936742b9a91f33bb960de6df363715813
0x12938683626c45703c4205b5b7ee754848235977
0xd6fea473f0bcdc136227f8a89f6e9dfc9b1bf876
0xc561d916cdcfa925b05bbe35c1bfb5b1dd92f97c
0xe81c60d4de45bb15a5e39b8eea1cd74f1d870262
0x10467c0bf27548fa0c1999ff5076566f62c0fb91
0x1cd74ff7e40c8d2786bd62623494243e788e9cf9
0xf8505ca32f58d538a658e2dc8b00348e93ec0041
0x2b22dd970b9c14e1bbb3973a870882c5ac7de5a4
0x246169fed5f4f39b380412d39d8da4ef86d0a736
0x242d8911142805f672b6cc1ee1989809e423fea7
0x1fbc2115407e89100206720fc7ab287a34a70f93
0xfdeb02290539ab8930d9905bdfec42bf8a89cf90
0x20c0e9c6cef57e0b1d6352dade551d955a1f4362
0x75e63b2747f8365aeb448eadd4954c6b62e7137a
0x6ad05fa4ef014d50cd59ed5fb6e9353002038c4e
0x62f220e661f76e0728ffb3184d140f477c38c167
0xf2236b1cff4c9fda660be5f09bd4fe35be895bc2
0xaf6dc50472d14d3f716a655f8b00c0166662c5d9
0x1fa0880bad2aa9fd164409f6488307f45228d2f6
0x6aae5becf4aebbadf0cf7e6b0f8dd6e06e98b2ea
0xf503b8c431f37ba23f4def7dd67270baef4afd85

0x9d3da662d162b31d5c6190c25213f4826db95e17
0xbd29faf6bee91106d5dceb8e7c96358b95ac757c
0x3e0a407ec4a66029622e5e45b8f2864e111bf23a
0x27c079b2a2a155ca1694473e1a21f32d7fbbddfd
0xe3d6fa0392a64bafe588fb74b0f7355953a1a700
0xd1dfc4a184cf01be10a671e7b1166d539792d1af
0x6c97485fab05b0456ec3bdbe6cbcb4a66f898767
0xc0b2f10a0ce9cbb788cf38661639ce75e37aacae
0x2aec41e83dac93d8951308a0d7944280d4008d8a
0x4089433c18c574a955cc8bd6f61ea9957b53425f
0x03913a78e868a689fe98e96d9c1aa6dec0f76a56
0xfdceadf97eec36ab8646f31ab446d6425727e367
0xe4147173709ddf37e1404ac53015ab6695ac9d06
0x2ce698a94d920bdb3df4893163444cd263c217ff
0x2d44cffcd36c0b8501c57b43c2574a44078b60b3
0xd92deae51cfb9c25ecee8562520cc86f776b4e3d
0xd5bec3e3b33d732979565cc785a0208bbd81690b

0xdff9539e3430cad9f23fdb312ffdd8097900bc05
0xf9879135d5874aa56939d039595d99418f4a9050
0x76d0b5e0348be0dfeacd7e52f9c6a9b8c2f52b15
0x89c15507177910f4f971a3242201f1b800831fb7
0xd36450598374cd91fc4dd12bca4f5a2c699a10d4
0xdef8e3f0e36a8b07518022cede833c433fd1320c
0x744d256ae58e84801cec9e757f64b6c07e57d872
0x5b97aa303fdd0dbc6abb263b3efadc07b2b9ee38
0xc38058af07926480113e2143b5a884cf7cf5698b
0x4ffbd7081a6c08829e9646c0085f26f9d8175f94
0xdb60723f73969bfa2dbd424547f3a9483ac24f0a
0xbcce55584ff7c80efcdf1a1096f1b5889da2ad2e
0xdcd6adc2508214e62cfc4ce9e2923faa104336d0
0xda19abd1001904472b716e50df0a8141d4a7a37c
0xfb07bf0b56950de0676b05fbb4d9a245f43599a3

0xc3f7617f5577d9a0652e45cad1534b6bf7a7dbac
0x0f0d67067d1d499a4a0ef409ef572087e3c98876
0xf1e117021566317a9f709c8ecc1017344a38021a
0x3b439d2d28bd6316f292c65a95b503098646d32d
0xd5c44ef4e28bf8b706cf65cc834ace48d85bfb37
0x75bc95e26071a578bfc1cf555236b799ee24d8c6
0x19f46cbd148f9d4d0bc54182b4a15d241adba70a
0x403d14d068a4eefd3c53584c0d04f005ac979aa2
0x00b4aaad88311a1f77ff229f84c76bf52b62a3b5
0x36716803c65956bc6c7064ea7ca3ee7f5c6d072c
0x6e16ecb3cca28cfe944512e3ef12c479154e4294
0x0bd1e21180c04f10eef2c6768d4103d5d45017f5
0xca905ed168190fcc6eaa5786eb5c78befe01c5ae
0xb65b5685f843dd556acbaa408a7e52463c6b9e5e
0x1b307971b91250e91f83f1060e0f153b87886feb
0xcaece32c25dd0a53e898d0af1674b90df018ee06
